10 10 34 0.05 0.2
-4.291910729409274 -0.65412246258659046
-2.5375022897903818 -0.54314208820155407
-2.4391218290897685 3.6148629921151461
0.60435266011878497 2.4428396571998068
4.2652218672216193 -0.050821216089229182
-0.31462270598298936 -3.7204277577149125
2.8427254197041227 -4.3050030831651487
-1.3661381059764643 -3.3277579093425347
2.281792514390089 -0.42055050740242717
0.049149694368027852 0.2834996664747198
9.301964927907667 7.4177375305664945
13.719201097835436 7.0885984694263184
10.480768649817691 1.4350080598765396
12.1863655373282 5.7766888342101064
14.614373971030124 2.6931206764607101
6.080227037025522 6.91100226782706
6.6101575088498645 2.2875579655093401
8.0740295989811237 3.2608740088577353
9.900815050673593 5.2700927603155368
11.587742622868785 1.6207036958826144
0 0
0 4
0 6
0 8
1 1
1 2
1 7
2 3
2 5
2 9
3 0
3 4
3 6
3 8
4 1
4 2
4 7
5 3
5 5
5 9
6 0
6 4
6 6
6 8
7 1
7 2
7 7
8 3
8 5
8 9
9 0
9 4
9 6
9 8
