10 15 51 0.05 0.2
0.80757164933956638 -2.9427600101891995
1.4196936773113498 4.4648543895162582
-4.5879353439502255 -0.50600384135547039
-1.4655444813230991 -2.1208059932730716
3.7692444965462766 4.6673094816559697
3.0389467340210459 -0.80969398588495967
3.7183724775915667 -3.9539068928040999
-0.10352110762276112 -0.3003952090433506
-4.2655902763974431 0.53531189707937354
-1.2335036948375255 -1.3216727925951899
5.8698497152081668 10.654460838301244
11.537876614843384 4.3612937534310072
12.38745367246386 2.6618123663725655
6.2797333618963433 2.2678201469985395
10.060545695492461 4.6880895639819409
11.25159336454216 6.2178261821128551
12.170757568798763 2.8552808986049829
8.5990358724876508 1.9962698340543827
8.9970635953856473 9.5765241641752148
6.0382345099642425 3.330798563620057
9.5925908609063288 3.2386459387030815
15.19715847272923 3.4350024254290368
13.036652065352458 5.8182578059426691
10.930606746255778 10.92663082671119
9.791204245434642 2.430555892665681
0 0
0 5
0 6
0 10
0 11
0 14
1 1
1 2
1 4
1 8
1 13
2 3
2 7
2 9
2 12
3 0
3 5
3 6
3 10
3 11
3 14
4 1
4 2
4 4
4 8
4 13
5 3
5 7
5 9
5 12
6 0
6 5
6 6
6 10
6 11
6 14
7 1
7 2
7 4
7 8
7 13
8 3
8 7
8 9
8 12
9 0
9 5
9 6
9 10
9 11
9 14
