10 10 34 0.05 0.2
-0.9146412074550625 0.41972009104596175
3.6203661647927312 -3.2333435580455614
-2.748404794218533 -4.7090274673188892
-3.833494665571362 -4.9119437411293312
-3.4330966491663615 0.13713208502675656
4.8949291037755103 1.9351026143143812
-1.2157342887671909 -0.94952264680743959
1.9130962841237933 -1.7388012738314007
-4.2644656942173178 3.4152289690620901
1.1721995591408323 -3.8799017287035245
9.421904545079526 3.569822122012523
6.9582850456613201 3.4022115447239183
12.955105460872643 2.2260063183260046
8.998037433472863 4.9061676575969893
9.9743253619832526 -0.45233981092611941
4.5992498907095154 5.8254421998396504
14.752000848734927 4.0100254219661444
12.526190618852517 4.4507020667911616
13.271581646436196 9.1233125748136885
9.1360681049077339 -1.1706153945636562
0 0
0 2
0 3
0 9
1 1
1 6
1 7
2 4
2 5
2 8
3 0
3 2
3 3
3 9
4 1
4 6
4 7
5 4
5 5
5 8
6 0
6 2
6 3
6 9
7 1
7 6
7 7
8 4
8 5
8 8
9 0
9 2
9 3
9 9
