10 10 34 0.2 0.2
1.171414766699522 3.9013855320255004
-0.43512780203940427 2.1140475930791958
4.3698130337823287 0.20559827690614174
2.338401709097778 2.2803243272912272
3.5818661696527379 -4.6320756590874375
-3.3070781098645052 4.9697587150158036
2.468020404306424 -2.3900196790043382
2.4244286161719195 -3.3076292986511371
-1.397628767109651 -0.59083676351561731
-2.7118521834514828 -3.6180151737331521
15.327004661802814 2.5942935473278226
8.7754721251709622 8.9507371264354649
9.1067494297501721 3.9719405426395866
4.5111952369304422 7.7063782790160475
13.389375179533882 3.8316910367047847
8.4439295464413497 6.8805227330525636
10.869529527688513 8.2297621052486711
13.748465000761328 7.3553496403645191
9.5993535783972952 0.4730184939017863
13.400268544807261 3.4688928965444545
0 1
0 4
0 6
0 8
1 0
1 5
1 9
2 2
2 3
2 7
3 1
3 4
3 6
3 8
4 0
4 5
4 9
5 2
5 3
5 7
6 1
6 4
6 6
6 8
7 0
7 5
7 9
8 2
8 3
8 7
9 1
9 4
9 6
9 8
