10 10 34 0.2 0.2
-2.56482237290663 0.022089895031559337
-3.3806248570919406 3.2122221584328123
-2.6860048746616405 0.52328640638572388
4.2635742476036462 -1.0262124576948786
4.6786789196447263 2.3147191625787737
0.48115108337305568 1.2892338143597613
0.86064373408574468 -1.3977889428459278
4.9671794681024686 -0.96106069555651708
4.8384521162214114 3.525733211181528
-4.7165539459189141 -2.4179783439195077
5.4661819138768362 6.0915535632561273
7.4122083406613202 4.1101768840542841
7.7677537213523937 3.7367192238109475
11.444233808749118 4.2198011334093035
12.427355842051556 10.472600585960393
14.20546983819332 6.2430610657579937
7.1243336364742387 0.54769235540562278
12.894495219273679 9.3439450572422231
14.782233952311472 6.6512867571205474
9.7720721540795896 6.3570847763399918
0 2
0 3
0 5
0 6
1 0
1 7
1 8
2 1
2 4
2 9
3 2
3 3
3 5
3 6
4 0
4 7
4 8
5 1
5 4
5 9
6 2
6 3
6 5
6 6
7 0
7 7
7 8
8 1
8 4
8 9
9 2
9 3
9 5
9 6
