10 15 51 0.5 0.2
-4.5743428641742314 0.89686450401653772
-4.8068918865281347 0.14126139292269446
4.7664613632380775 -2.0975319307941866
4.7421984700141913 1.3603117192846312
3.8398708684723033 -4.8032937298695391
2.3564399156971563 0.16704201045489064
1.0434561500570307 -1.220204055444464
4.7697338542960406 1.5527660311767741
2.2557805914430409 1.8323715393074931
0.46362446652179035 3.1341705208708621
15.727072584283599 2.7601610423306218
7.8896281802443697 3.1495678203213542
15.176642592118275 5.5667147443022493
7.2544257492226967 11.914412082677497
13.354327671522649 8.7296017562806458
5.5900706219967766 3.4895360121437373
9.5280312274442949 6.0134506845873066
13.426708485177672 8.5491637409732721
10.233149607859291 -1.3618557309285693
11.513761561406728 4.4650003652128136
11.037377527899814 7.7147705979334056
8.8344253053884483 7.946083524127368
11.957215824257954 6.3228825824017392
3.7102112668962359 2.7793445597668169
5.7664788165599834 2.718890011580962
0 3
0 5
0 7
0 9
0 11
0 13
1 0
1 1
1 4
1 8
1 14
2 2
2 6
2 10
2 12
3 3
3 5
3 7
3 9
3 11
3 13
4 0
4 1
4 4
4 8
4 14
5 2
5 6
5 10
5 12
6 3
6 5
6 7
6 9
6 11
6 13
7 0
7 1
7 4
7 8
7 14
8 2
8 6
8 10
8 12
9 3
9 5
9 7
9 9
9 11
9 13
