10 10 34 0.05 0.2
4.7835485837099672 -4.4547734498954261
2.256617211743249 -0.1613825667555755
4.4172324516640735 -0.93145511790708113
4.1924299404226666 -3.4085220111609003
4.9478018133885886 -0.87020458053350858
-3.1685151930708209 -1.5390089571798002
1.3079587370999892 -4.65805787264292
-1.1281599523171906 -4.8889685990478711
-4.3063156188276919 -3.2970602451371067
-2.6937342714458659 -2.2563695543587015
14.675429312732136 6.1046921410635395
13.338134323861111 1.5963172951453677
14.904271529074865 6.5505108089995527
12.302328548678473 5.6545736281980163
16.406546970791034 3.3296282701837887
7.8004221176218227 -0.35457481429859028
8.1773455359222655 2.2719473073077543
8.678487935820387 1.5234251471357454
15.069971854715122 4.0074814990288639
11.574143663806403 0.27222409549354942
0 1
0 4
0 7
0 8
1 2
1 3
1 9
2 0
2 5
2 6
3 1
3 4
3 7
3 8
4 2
4 3
4 9
5 0
5 5
5 6
6 1
6 4
6 7
6 8
7 2
7 3
7 9
8 0
8 5
8 6
9 1
9 4
9 7
9 8
