10 10 34 0.2 0.2
4.6591918802494412 0.59755913998904564
-0.26328111789356345 0.23279475429215157
2.6766006307845185 4.8860602774447219
-0.79434441720427351 -2.6906381477036789
-1.2531246529358517 -4.3230253206672256
1.4321991246521426 4.9259695093183193
-2.9278317822220479 2.5904653648083018
-2.8908979107119439 4.2965859608352996
0.56985476142337266 -1.1534854263135252
-4.6965445631809946 -3.4436817925101693
6.1691906161840873 5.7794929224366891
9.6555944864213323 5.0699656121379784
8.7773360705674328 9.9821142956633011
5.3481159891584493 7.2755036362709689
10.657396629198594 2.2726668030949706
9.8749740033224853 10.569752640081431
11.076274876782607 0.62958792463088731
7.6545139945346534 -0.33058819645423565
11.070251413016925 4.2859796986290499
13.736198959407679 7.8470973356188152
0 0
0 4
0 7
0 9
1 1
1 3
1 6
2 2
2 5
2 8
3 0
3 4
3 7
3 9
4 1
4 3
4 6
5 2
5 5
5 8
6 0
6 4
6 7
6 9
7 1
7 3
7 6
8 2
8 5
8 8
9 0
9 4
9 7
9 9
