10 10 34 0.5 0.2
-0.54860774843177218 -2.059115176611146
4.0942887405255064 -0.15693652184161522
-4.129540369904924 2.499579644093803
-4.2456176385720203 -2.9749440185150267
-4.2607615272317947 1.2820764859726008
3.4253332574853452 1.111943800752222
-2.7752779676286399 3.4500993744867365
3.7151448523976995 -1.7184998665134743
-2.2624180764618664 1.7376051120595362
4.7273598636249901 4.1281812568070215
12.313265626834221 7.825813892212695
6.821651964618602 5.0781439350035624
5.9693037310235235 6.5793458864275358
5.7123373634515815 3.9475724407260584
4.9173029075080779 5.2248309238679091
10.781199903838557 2.720561788522688
13.66253809228567 7.184114948866954
11.860928128615768 11.071079250662066
13.654149793674073 5.1443299110071372
7.6752245097816703 0.31166532896474086
0 2
0 5
0 7
0 9
1 3
1 6
1 8
2 0
2 1
2 4
3 2
3 5
3 7
3 9
4 3
4 6
4 8
5 0
5 1
5 4
6 2
6 5
6 7
6 9
7 3
7 6
7 8
8 0
8 1
8 4
9 2
9 5
9 7
9 9
