10 10 34 0.2 0.2
-0.024634312413977177 -2.3382627692745936
1.3741116144369094 -2.5752024581623734
-0.26831420012544793 4.7033614911175334
-4.1481193498900328 -1.8262108248179487
1.7644395348948336 -4.1475868277039236
-3.4668247143046225 3.2527384980403156
4.7972285261391079 -1.806613562823518
-3.1103101321504569 4.7237525034146604
-1.7108080544972593 1.0378452310846455
1.0749420843174429 1.3498875565049602
10.074860073115172 6.6083003112407166
7.982584826776896 5.1794000852047777
13.555030561602271 2.7491822829761614
4.8659871464989237 7.3280643548878226
7.1906834228185099 1.4052986924953694
11.589499539256927 2.7029328753011663
12.34706793699833 3.1070786439452394
15.192549562378618 5.7495058620890021
5.3420824848030612 5.9935775138778453
7.4940206530421101 8.6627862685046733
0 0
0 4
0 5
0 7
1 2
1 3
1 6
2 1
2 8
2 9
3 0
3 4
3 5
3 7
4 2
4 3
4 6
5 1
5 8
5 9
6 0
6 4
6 5
6 7
7 2
7 3
7 6
8 1
8 8
8 9
9 0
9 4
9 5
9 7
