10 10 34 0.5 0.2
-4.3311602365724831 -0.86757183571740626
-3.8949526605386131 2.5211146141853398
0.11285109875651855 -4.5032600551946933
-4.5519251556434295 2.3593438622301441
-3.4565025229140387 2.3374488983598498
1.3044371862782835 0.042791382906525399
3.5579821386544577 1.0255722914603389
0.73356668436441552 -0.99920697283248927
-2.5125424022622389 -3.6201200562926839
-0.7675426655300388 -1.2393916900048429
12.424133513359095 7.5680486932841111
12.135203637342308 0.95465249438713462
11.248907770704362 5.7507235815399378
9.7206798092291269 3.3439389772156574
4.9778227931683077 5.5235360154430806
5.930961810265118 5.6262332449369321
4.7112625966618786 4.3612664026061445
9.6271596391813539 0.82293227019629056
10.993536484294159 4.5125182874301952
6.7051288978315071 1.9265422106859622
0 0
0 3
0 6
0 9
1 4
1 5
1 8
2 1
2 2
2 7
3 0
3 3
3 6
3 9
4 4
4 5
4 8
5 1
5 2
5 7
6 0
6 3
6 6
6 9
7 4
7 5
7 8
8 1
8 2
8 7
9 0
9 3
9 6
9 9
