10 10 34 0.05 0.2
4.2799156587767424 -3.2697310995195608
4.7062892328782233 -2.6189122429152665
-0.35247941986640541 3.9776159577695598
-1.4422628901085934 0.080512701502199135
-3.3847421401908351 4.6115292057855353
4.8528266427692124 -3.2830852370735286
-3.7724233396168181 -0.27448039717310202
0.18726818404445567 2.7529863915214001
-1.5725327319156257 0.90102587983249371
-3.3966923734867849 -2.8738463134577508
4.9246067511233438 7.2442786209521994
8.9367149085817381 7.7649311044546403
7.9532898267860439 4.8743862238963143
15.791155180568161 4.7873809011237194
15.562493975394064 4.4276475557623831
15.129414070009309 4.9786147111809669
7.8632222896431427 8.2011471367630833
8.6461831894287577 0.82583768270703306
8.5880826229935145 4.5349099800661321
6.8103628290736236 2.7255635641745175
0 4
0 7
0 8
0 9
1 0
1 1
1 5
2 2
2 3
2 6
3 4
3 7
3 8
3 9
4 0
4 1
4 5
5 2
5 3
5 6
6 4
6 7
6 8
6 9
7 0
7 1
7 5
8 2
8 3
8 6
9 4
9 7
9 8
9 9
