10 10 34 0.05 0.2
4.1364297255489113 -3.6252198041276884
0.56070136263413506 -0.16977512167117847
4.5898041492353077 -1.1961024836449665
-0.53499591871563013 0.77387219155533682
-1.179029354728157 4.1190475954326438
3.7855687893032446 2.2373901456623564
-4.4399295377981227 4.8975449651220408
0.48898879087305591 0.97688556395287929
0.42116577477064432 0.15754135647943368
4.3071069132398616 -2.2684997659955508
14.572938233455481 6.2590469382514513
15.394863125358295 3.9286824180974302
12.159703666478933 8.8304210989721881
3.7061357466929046 7.021433587073199
9.1497438476936015 5.4026950178114443
6.9194068292815203 7.9776851796777981
9.9350339330854638 6.090502110410009
14.864313886679074 5.188975030788729
10.285969581916216 5.3470177042431715
10.570469184813302 5.1333211130192327
0 1
0 3
0 4
0 7
1 5
1 6
1 9
2 0
2 2
2 8
3 1
3 3
3 4
3 7
4 5
4 6
4 9
5 0
5 2
5 8
6 1
6 3
6 4
6 7
7 5
7 6
7 9
8 0
8 2
8 8
9 1
9 3
9 4
9 7
