10 10 34 0.2 0.2
-2.7581452515267357 4.3264029659734771
4.4574360891813001 -4.7724142569176919
3.4691694602309422 2.1437318640401539
1.7989607618514869 -4.8942545111053262
3.2831187162499269 -1.2173793103576367
3.0655794516966282 0.36052750778432596
2.6129064826119786 2.2862327532891156
-1.6109041878374053 1.6973311585484048
4.6898547559290407 3.9277311806255284
4.0749608810178213 -3.9885531833082668
12.636963360452519 6.6057927991934253
5.2026728862649687 7.0684483878448097
12.136596382731282 10.530428704135996
11.929775636892813 8.3336310932510003
16.225832010013693 3.1527862124153132
14.154342823966886 1.628235697283632
7.8977774553814122 5.8109596816788658
15.383772680696824 3.5508208715154761
11.26293754996075 8.3987477741467185
13.674861875247133 5.7266065550690737
0 1
0 5
0 7
0 8
1 4
1 6
1 9
2 0
2 2
2 3
3 1
3 5
3 7
3 8
4 4
4 6
4 9
5 0
5 2
5 3
6 1
6 5
6 7
6 8
7 4
7 6
7 9
8 0
8 2
8 3
9 1
9 5
9 7
9 8
