10 15 51 0.5 0.2
4.1364297255489113 -3.6252198041276884
0.56070136263413506 -0.16977512167117847
4.5898041492353077 -1.1961024836449665
-0.53499591871563013 0.77387219155533682
-1.179029354728157 4.1190475954326438
3.7855687893032446 2.2373901456623564
-4.4399295377981227 4.8975449651220408
0.48898879087305591 0.97688556395287929
0.42116577477064432 0.15754135647943368
4.3071069132398616 -2.2684997659955508
15.520813831199941 3.1034421303668225
6.9194068292815203 7.9776851796777981
12.159703666478933 8.8304210989721881
6.2932718052332461 2.7602875197686476
3.7061357466929046 7.021433587073199
15.394863125358295 3.9286824180974302
6.3473641680420663 6.8442490276492975
14.572938233455481 6.2590469382514513
9.9350339330854638 6.090502110410009
14.864313886679074 5.188975030788729
9.1497438476936015 5.4026950178114443
8.5064026703680113 3.9791090595433962
10.285969581916216 5.3470177042431715
10.570469184813302 5.1333211130192327
3.2244481076000611 4.7898230388589917
0 4
0 5
0 6
0 9
0 10
0 11
1 0
1 1
1 8
1 13
1 14
2 2
2 3
2 7
2 12
3 4
3 5
3 6
3 9
3 10
3 11
4 0
4 1
4 8
4 13
4 14
5 2
5 3
5 7
5 12
6 4
6 5
6 6
6 9
6 10
6 11
7 0
7 1
7 8
7 13
7 14
8 2
8 3
8 7
8 12
9 4
9 5
9 6
9 9
9 10
9 11
