10 15 51 0.5 0.2
4.2799156587767424 -3.2697310995195608
4.7062892328782233 -2.6189122429152665
-0.35247941986640541 3.9776159577695598
-1.4422628901085934 0.080512701502199135
-3.3847421401908351 4.6115292057855353
4.8528266427692124 -3.2830852370735286
-3.7724233396168181 -0.27448039717310202
0.18726818404445567 2.7529863915214001
-1.5725327319156257 0.90102587983249371
-3.3966923734867849 -2.8738463134577508
8.495301272448458 0.8128298992299392
15.34138123631525 4.3082876336604059
4.7629627184422603 7.3013303724087324
14.852000257607644 3.1740616957153165
15.678717932427057 11.845283852748635
10.920198576067211 10.553501622655229
8.7856858089423788 7.4777902433526133
15.385222154687352 5.0851000837924074
7.7059358891997114 8.268476755993607
15.844213771336854 4.5831781032892733
7.8056947439738851 3.5869741412105682
8.1876337659622767 4.9940449354443519
4.4236836661040932 3.1135785750733085
8.7107073474792944 4.3485945997739215
6.8702257526490556 2.8760813333988424
0 0
0 1
0 5
0 12
0 13
0 14
1 2
1 4
1 6
1 7
1 10
2 3
2 8
2 9
2 11
3 0
3 1
3 5
3 12
3 13
3 14
4 2
4 4
4 6
4 7
4 10
5 3
5 8
5 9
5 11
6 0
6 1
6 5
6 12
6 13
6 14
7 2
7 4
7 6
7 7
7 10
8 3
8 8
8 9
8 11
9 0
9 1
9 5
9 12
9 13
9 14
