10 10 34 0.2 0.2
0.48157828416329629 -3.6810853662412435
2.1154684226802445 -1.9774994408218438
4.3832527477527101 -3.0728165273467023
2.6198500719560389 -3.343584525984391
4.6608714615412108 3.7360839290443675
-3.924804367640593 1.4931645408570668
-2.8195065437061539 0.11600401673940386
3.5031026980717108 -3.4508441782155383
-2.8289550522007101 -4.2668157500194495
-4.3649484863532297 -0.011138567904817265
6.1928562062352697 2.9961359860336549
5.7073535617541227 4.2602127357804829
9.8225725516429048 -0.43011646067167431
15.236004719589518 4.6843524001719654
12.767626380504067 4.1877858519063649
14.027390668491664 3.2806437652531812
7.6882095920319324 3.9127260972820728
11.888317234595604 10.190224922818027
14.850535498586169 3.9440224625007452
12.312185676339423 2.1426241230371565
0 0
0 5
0 6
0 9
1 4
1 7
1 8
2 1
2 2
2 3
3 0
3 5
3 6
3 9
4 4
4 7
4 8
5 1
5 2
5 3
6 0
6 5
6 6
6 9
7 4
7 7
7 8
8 1
8 2
8 3
9 0
9 5
9 6
9 9
