10 10 34 0.5 0.2
-0.54860774843177218 -2.059115176611146
4.0942887405255064 -0.15693652184161522
-4.129540369904924 2.499579644093803
-4.2456176385720203 -2.9749440185150267
-4.2607615272317947 1.2820764859726008
3.4253332574853452 1.111943800752222
-2.7752779676286399 3.4500993744867365
3.7151448523976995 -1.7184998665134743
-2.2624180764618664 1.7376051120595362
4.7273598636249901 4.1281812568070215
12.410453717033903 7.6756382077747194
7.1718859157731316 5.373601130558332
5.8714890902269827 6.6002347200719953
5.669034034963583 3.9799300428310591
5.1739233116620467 5.0999292856152376
10.554449341450676 2.9424500735207806
13.624226320644491 6.9112333555663428
12.02992310632667 10.938789771634147
14.076659754172134 5.3693078853980136
7.8106592794988439 0.30081408584341318
0 2
0 5
0 7
0 9
1 3
1 6
1 8
2 0
2 1
2 4
3 2
3 5
3 7
3 9
4 3
4 6
4 8
5 0
5 1
5 4
6 2
6 5
6 7
6 9
7 3
7 6
7 8
8 0
8 1
8 4
9 2
9 5
9 7
9 9
