10 10 34 0.2 0.2
-0.23841737770654348 1.3021905431888516
-0.96039030431527017 4.2002401267632692
-4.8314837959773005 4.8761055073625243
2.0411444390334124 3.0399498814755042
3.0310579958951873 -2.9863288478063454
3.194173185392593 1.5296890567986532
-3.5256904304167591 3.6133141381095175
-0.59963694227785336 2.2128859925724775
-4.1633408961493137 1.7946477913717898
-4.9465673470760301 -4.3617163468477473
7.0681575355330741 8.1573194996141272
9.1424292226080386 6.0085214021161306
12.001390594237721 7.9218361757749873
8.3742561786535177 6.6165970141075814
3.3777595410295245 6.8070893429205057
5.1400054523246359 6.3663766202479364
5.497117123634129 4.4725401300989489
10.247707996258521 8.6532460431059857
14.118137648692354 3.9292923516929852
7.8970051893254345 -1.2506408340100217
0 1
0 5
0 7
0 9
1 0
1 3
1 8
2 2
2 4
2 6
3 1
3 5
3 7
3 9
4 0
4 3
4 8
5 2
5 4
5 6
6 1
6 5
6 7
6 9
7 0
7 3
7 8
8 2
8 4
8 6
9 1
9 5
9 7
9 9
