10 15 51 0.2 0.2
2.4166893561457323 4.4080388314721546
2.4740339685416268 4.0814256296143707
-3.8902271831999435 0.79773181999967946
-0.68132687589288743 -2.3450742125489366
3.6040916796900166 -1.7059850366319806
4.7367059106553349 -1.3874660308240507
0.53624724214999375 2.7422607525764864
2.8174809458763761 -4.5821458439724658
2.3354135067750645 -3.9393167296574649
-1.575445081630702 -4.0661091511931939
13.99218579003724 2.7561583919511312
4.1211306959497591 3.9248148051419482
14.731082995793784 2.4404857682127457
13.370415952565377 3.8381079173023664
6.23209852285623 3.7457424299269459
9.0932733581229961 7.6429910966072674
8.3713188451869041 -0.28641210112991788
12.247622245293131 -1.4147976006884893
10.582490723470141 2.6284427202263889
13.974227470495673 5.3246194596455867
10.668679112637159 0.69092363969096215
14.795840664295449 6.1667721257460757
10.101863451775495 9.7716352631737564
16.130066766759711 3.7511277898716937
9.8888949597415863 10.025818286996024
0 1
0 5
0 7
0 8
0 10
0 14
1 2
1 6
1 9
1 12
1 13
2 0
2 3
2 4
2 11
3 1
3 5
3 7
3 8
3 10
3 14
4 2
4 6
4 9
4 12
4 13
5 0
5 3
5 4
5 11
6 1
6 5
6 7
6 8
6 10
6 14
7 2
7 6
7 9
7 12
7 13
8 0
8 3
8 4
8 11
9 1
9 5
9 7
9 8
9 10
9 14
