10 10 34 0.5 0.2
-0.23841737770654348 1.3021905431888516
-0.96039030431527017 4.2002401267632692
-4.8314837959773005 4.8761055073625243
2.0411444390334124 3.0399498814755042
3.0310579958951873 -2.9863288478063454
3.194173185392593 1.5296890567986532
-3.5256904304167591 3.6133141381095175
-0.59963694227785336 2.2128859925724775
-4.1633408961493137 1.7946477913717898
-4.9465673470760301 -4.3617163468477473
6.9488228948681741 8.0827590761052672
9.190679074282242 6.0461485986250647
11.821940345121051 7.8639291664261899
8.2490946868752779 6.6270668290292507
3.4984257200798359 7.1540923245512662
5.0732628193164908 6.5446328345976728
5.7209447880264417 4.474848106091649
10.272519465064738 8.4536135019316596
14.192502026885899 4.2501900625362889
7.9124413997612884 -1.1845316374388091
0 1
0 5
0 7
0 9
1 0
1 3
1 8
2 2
2 4
2 6
3 1
3 5
3 7
3 9
4 0
4 3
4 8
5 2
5 4
5 6
6 1
6 5
6 7
6 9
7 0
7 3
7 8
8 2
8 4
8 6
9 1
9 5
9 7
9 9
