10 10 34 0.2 0.2
-4.5743428641742314 0.89686450401653772
-4.8068918865281347 0.14126139292269446
4.7664613632380775 -2.0975319307941866
4.7421984700141913 1.3603117192846312
3.8398708684723033 -4.8032937298695391
2.3564399156971563 0.16704201045489064
1.0434561500570307 -1.220204055444464
4.7697338542960406 1.5527660311767741
2.2557805914430409 1.8323715393074931
0.46362446652179035 3.1341705208708621
15.326752898388321 5.7859704696953358
10.768289428716168 7.8093641023085363
15.565785674865735 2.6585524498124853
13.243432234228818 8.8152612205171614
5.3977947903581738 3.3172788491354179
8.3857024060612559 8.1053761597110778
13.123153067124488 8.7003101349456013
11.904457507149383 4.4197184230847384
11.817238367981192 6.3068622210997507
5.9297142789442878 2.9147594576452316
0 4
0 5
0 6
0 7
1 2
1 3
1 9
2 0
2 1
2 8
3 4
3 5
3 6
3 7
4 2
4 3
4 9
5 0
5 1
5 8
6 4
6 5
6 6
6 7
7 2
7 3
7 9
8 0
8 1
8 8
9 4
9 5
9 6
9 7
