10 10 34 0.2 0.2
-1.7624665417923433 1.2002948521554471
-4.9152000051043219 4.8285778727222564
3.2215850618975104 4.9901978820017447
-2.366496988628497 -3.0051134890144748
-4.4526202533793713 -3.0619762461816249
-4.7581427684025304 1.9173802827844577
-1.3433030299083892 3.1556164068812826
2.6067202635161779 -1.5067566449481227
-3.3320029797500994 -1.5232538725084241
-4.6970482626196821 1.4832587229628702
10.823399771750191 10.746102850487407
3.4928346305391376 6.5857626454417879
7.2477383326362927 7.0970133814833432
5.1321700251017148 4.1350402835061484
4.9005392313417868 4.0427661100827752
7.9154327559322164 5.2637275030655015
7.7651134609127244 0.24241557242400102
8.0134051594436944 2.0787575577162656
12.892357158023643 5.159284562640484
9.3750887039923931 1.0842547535906852
0 2
0 3
0 5
0 9
1 1
1 6
1 8
2 0
2 4
2 7
3 2
3 3
3 5
3 9
4 1
4 6
4 8
5 0
5 4
5 7
6 2
6 3
6 5
6 9
7 1
7 6
7 8
8 0
8 4
8 7
9 2
9 3
9 5
9 9
