10 10 34 0.05 0.2
1.3942679845788373 -4.7498924477733304
-2.2497068163088074 -2.7678926185117723
2.3647121416401244 1.7669948742291126
3.9217956770484541 -4.1306116737058387
-0.78078180314729551 -4.7020278056192968
-2.8136202519639664 0.053552881033623656
-4.7346403031613633 -3.0116234931335151
1.4988443777952316 0.44941480603216633
-2.795593779593033 0.89265683875908763
3.0943045667782663 -4.9350124032193898
15.147252563485875 2.2733061742098482
13.582417718215268 1.5836064672738646
11.674837026471469 0.53753356945924224
9.4356430552654462 1.4780812692669714
7.1326163488311352 4.3752666094307635
11.073329904474068 6.138626827758328
11.164403350183298 7.7126185202593627
15.461680521628873 3.3836831959264115
7.4054929662473601 0.024537396731664884
7.5365569446800205 3.6395680294389807
0 0
0 1
0 7
0 8
1 2
1 3
1 5
2 4
2 6
2 9
3 0
3 1
3 7
3 8
4 2
4 3
4 5
5 4
5 6
5 9
6 0
6 1
6 7
6 8
7 2
7 3
7 5
8 4
8 6
8 9
9 0
9 1
9 7
9 8
