10 15 51 0.2 0.2
-0.9146412074550625 0.41972009104596175
3.6203661647927312 -3.2333435580455614
-2.748404794218533 -4.7090274673188892
-3.833494665571362 -4.9119437411293312
-3.4330966491663615 0.13713208502675656
4.8949291037755103 1.9351026143143812
-1.2157342887671909 -0.94952264680743959
1.9130962841237933 -1.7388012738314007
-4.2644656942173178 3.4152289690620901
1.1721995591408323 -3.8799017287035245
9.421904545079526 3.569822122012523
14.116835372989776 7.572574629860231
4.5992498907095154 5.8254421998396504
14.626743648888873 6.8278148498446853
12.955105460872643 2.2260063183260046
6.9582850456613201 3.4022115447239183
11.259630570020322 5.5674114086346034
8.998037433472863 4.9061676575969893
14.752000848734927 4.0100254219661444
6.2656608877205127 4.3780150108720726
12.148244659311866 2.6011397478967702
9.9743253619832526 -0.45233981092611941
12.526190618852517 4.4507020667911616
13.271581646436196 9.1233125748136885
9.1360681049077339 -1.1706153945636562
0 0
0 4
0 7
0 9
0 10
0 14
1 1
1 3
1 5
1 8
1 12
2 2
2 6
2 11
2 13
3 0
3 4
3 7
3 9
3 10
3 14
4 1
4 3
4 5
4 8
4 12
5 2
5 6
5 11
5 13
6 0
6 4
6 7
6 9
6 10
6 14
7 1
7 3
7 5
7 8
7 12
8 2
8 6
8 11
8 13
9 0
9 4
9 7
9 9
9 10
9 14
