10 10 34 0.5 0.2
-4.3311602365724831 -0.86757183571740626
-3.8949526605386131 2.5211146141853398
0.11285109875651855 -4.5032600551946933
-4.5519251556434295 2.3593438622301441
-3.4565025229140387 2.3374488983598498
1.3044371862782835 0.042791382906525399
3.5579821386544577 1.0255722914603389
0.73356668436441552 -0.99920697283248927
-2.5125424022622389 -3.6201200562926839
-0.7675426655300388 -1.2393916900048429
12.568516772555878 7.6671627271493001
12.349361945965477 1.1564879417319411
11.108280049504824 5.6892770177992595
9.954984398164985 3.5428839784514583
5.3663147423431043 5.2358729714674022
5.8378565577315138 5.2960388645705612
4.8782452479722833 4.7672891431324835
9.6341344797016628 0.6086128653698637
11.13489087044575 4.5014447200707242
6.6828911251259129 2.0830806323745854
0 0
0 3
0 6
0 9
1 4
1 5
1 8
2 1
2 2
2 7
3 0
3 3
3 6
3 9
4 4
4 5
4 8
5 1
5 2
5 7
6 0
6 3
6 6
6 9
7 4
7 5
7 8
8 1
8 2
8 7
9 0
9 3
9 6
9 9
