10 10 34 0.2 0.2
0.80757164933956638 -2.9427600101891995
1.4196936773113498 4.4648543895162582
-4.5879353439502255 -0.50600384135547039
-1.4655444813230991 -2.1208059932730716
3.7692444965462766 4.6673094816559697
3.0389467340210459 -0.80969398588495967
3.7183724775915667 -3.9539068928040999
-0.10352110762276112 -0.3003952090433506
-4.2655902763974431 0.53531189707937354
-1.2335036948375255 -1.3216727925951899
6.2797333618963433 2.2678201469985395
15.19715847272923 3.4350024254290368
8.9970635953856473 9.5765241641752148
12.170757568798763 2.8552808986049829
6.0382345099642425 3.330798563620057
10.060545695492461 4.6880895639819409
9.5925908609063288 3.2386459387030815
13.036652065352458 5.8182578059426691
10.930606746255778 10.92663082671119
9.791204245434642 2.430555892665681
0 1
0 3
0 6
0 9
1 2
1 5
1 8
2 0
2 4
2 7
3 1
3 3
3 6
3 9
4 2
4 5
4 8
5 0
5 4
5 7
6 1
6 3
6 6
6 9
7 2
7 5
7 8
8 0
8 4
8 7
9 1
9 3
9 6
9 9
