10 10 34 0.5 0.2
3.8826807645248813 -1.0000560402898708
0.8862018277423207 3.5978667354276137
-2.7146079663539933 0.15717284023519795
0.83730485573606117 4.4719952197672903
-4.6781861014373227 -4.3105632973345944
-1.799158406841662 3.2509201805635026
3.4314958774200797 -3.6460882016520202
4.1954002004356568 0.27769344520978123
4.6789659346093089 4.3451932640789863
-4.0707855375135518 4.7436389107421491
11.948050821364248 11.257560120974549
8.5998897620518413 9.3824203340119094
4.1223738088318029 6.9391770969877573
8.8917669335708265 8.5757977649706767
7.5687206553306554 3.528028878477329
13.747037944570726 6.0907828759812999
7.7568962023441248 -1.0864860111440588
14.748540749214623 3.6179914800030475
13.286823924234556 7.6863864015665122
6.801521636674269 7.0096180659684357
0 1
0 2
0 5
0 7
1 3
1 6
1 8
2 0
2 4
2 9
3 1
3 2
3 5
3 7
4 3
4 6
4 8
5 0
5 4
5 9
6 1
6 2
6 5
6 7
7 3
7 6
7 8
8 0
8 4
8 9
9 1
9 2
9 5
9 7
