10 10 34 0.2 0.2
4.1364297255489113 -3.6252198041276884
0.56070136263413506 -0.16977512167117847
4.5898041492353077 -1.1961024836449665
-0.53499591871563013 0.77387219155533682
-1.179029354728157 4.1190475954326438
3.7855687893032446 2.2373901456623564
-4.4399295377981227 4.8975449651220408
0.48898879087305591 0.97688556395287929
0.42116577477064432 0.15754135647943368
4.3071069132398616 -2.2684997659955508
14.178175820974234 6.4218032905022708
15.895701594948155 4.5531431965509688
12.578518405129719 8.8848580466929583
3.6950040434093654 6.9136802653113456
9.1270516451576746 5.4251088182863203
6.9050969870672674 8.1213138517280061
9.9606111153488843 6.651668562385769
14.362910758381027 4.916891173271094
10.219294915131091 5.139828556183871
10.559164304696845 5.2943666646109113
0 1
0 3
0 4
0 7
1 5
1 6
1 9
2 0
2 2
2 8
3 1
3 3
3 4
3 7
4 5
4 6
4 9
5 0
5 2
5 8
6 1
6 3
6 4
6 7
7 5
7 6
7 9
8 0
8 2
8 8
9 1
9 3
9 4
9 7
