10 10 34 0.5 0.2
-4.5743428641742314 0.89686450401653772
-4.8068918865281347 0.14126139292269446
4.7664613632380775 -2.0975319307941866
4.7421984700141913 1.3603117192846312
3.8398708684723033 -4.8032937298695391
2.3564399156971563 0.16704201045489064
1.0434561500570307 -1.220204055444464
4.7697338542960406 1.5527660311767741
2.2557805914430409 1.8323715393074931
0.46362446652179035 3.1341705208708621
15.176642592118275 5.5667147443022493
11.037377527899814 7.7147705979334056
15.727072584283599 2.7601610423306218
13.354327671522649 8.7296017562806458
5.5900706219967766 3.4895360121437373
8.8344253053884483 7.946083524127368
13.426708485177672 8.5491637409732721
11.513761561406728 4.4650003652128136
11.957215824257954 6.3228825824017392
5.7664788165599834 2.718890011580962
0 4
0 5
0 6
0 7
1 2
1 3
1 9
2 0
2 1
2 8
3 4
3 5
3 6
3 7
4 2
4 3
4 9
5 0
5 1
5 8
6 4
6 5
6 6
6 7
7 2
7 3
7 9
8 0
8 1
8 8
9 4
9 5
9 6
9 7
