10 10 34 0.2 0.2
-1.4815374417211737 -0.69813754009901974
-0.46329136410425775 -1.5653025912174678
0.12444364924408902 -1.075845985445282
-4.5909127745715743 -0.81467392603853295
-4.7634013773973036 -3.9754415303001922
-2.3619335932545793 4.6557309323731548
-0.18447222382891582 0.4668777442824652
4.174037785508574 3.9873835679573961
0.67568208483602277 -2.69953047948019
0.23269597544913978 -1.4091788647904258
11.934923090090123 2.9999790688977805
9.066019708861166 3.654626434078085
5.626640040003096 7.8510144639928736
6.4314898736817812 1.9990152969640387
9.6068034957303166 5.3120918750957316
10.381429204940501 3.4127625093439353
10.645694354307661 4.1305118706669273
7.8624941639022445 -0.82453404519830187
10.906110058492567 3.8959632923399443
11.621130974627869 10.540194357238025
0 1
0 3
0 4
0 8
1 5
1 7
1 9
2 0
2 2
2 6
3 1
3 3
3 4
3 8
4 5
4 7
4 9
5 0
5 2
5 6
6 1
6 3
6 4
6 8
7 5
7 7
7 9
8 0
8 2
8 6
9 1
9 3
9 4
9 8
