10 10 34 0.5 0.2
-2.56482237290663 0.022089895031559337
-3.3806248570919406 3.2122221584328123
-2.6860048746616405 0.52328640638572388
4.2635742476036462 -1.0262124576948786
4.6786789196447263 2.3147191625787737
0.48115108337305568 1.2892338143597613
0.86064373408574468 -1.3977889428459278
4.9671794681024686 -0.96106069555651708
4.8384521162214114 3.525733211181528
-4.7165539459189141 -2.4179783439195077
5.5876861847059418 6.3400943566489971
7.1764348983874227 4.370240887094373
7.4041562559011078 3.7878513688980782
11.016333303740307 4.3010874553404337
12.597478251615485 10.144247416174261
14.508830759812433 6.0918972847880992
7.0205337779047472 0.47985605440513907
13.012408520819795 9.6607443779149786
15.153761444828682 6.6189124231283172
9.4193871203764914 6.5014552023525027
0 2
0 3
0 5
0 6
1 0
1 7
1 8
2 1
2 4
2 9
3 2
3 3
3 5
3 6
4 0
4 7
4 8
5 1
5 4
5 9
6 2
6 3
6 5
6 6
7 0
7 7
7 8
8 1
8 4
8 9
9 2
9 3
9 5
9 6
