10 10 34 0.05 0.2
-2.2812458561590923 -0.11971792149092142
-4.1812065762883339 -1.6126651300793027
-4.2766639229464598 -4.8896363292010001
-2.1614970410123133 -3.8229363444197197
-1.8896177518799928 2.4347079283970636
-4.6424428448730772 1.2493755718047161
-3.6498883909295965 2.9507124346558289
2.3696762438210222 -2.8898970043225547
3.4807658017226402 2.1730172208240317
-4.2504867454679554 -0.91868615576584123
12.034049043877284 8.3554470627167898
13.715826408010166 3.4422505119929609
6.7197374623645594 2.0403259958736095
5.3559875648173128 5.4364865137169893
7.2568394015314217 1.6473085714297637
8.8216459848326796 -1.8793957084978234
5.0451069880275341 4.0277501712878729
10.111705526396642 0.65670273082885466
7.9455251702328686 3.3246179985765725
7.1474831904390328 5.9890735402001569
0 2
0 3
0 7
0 8
1 1
1 4
1 9
2 0
2 5
2 6
3 2
3 3
3 7
3 8
4 1
4 4
4 9
5 0
5 5
5 6
6 2
6 3
6 7
6 8
7 1
7 4
7 9
8 0
8 5
8 6
9 2
9 3
9 7
9 8
