10 10 34 0.5 0.2
-4.6144816066261996 1.9622432263705285
-3.5606677860463898 -0.37467745170912448
1.7164676411776707 2.9295127165529431
-0.46810771533787676 -0.017277702019487862
-4.8084289197565226 -0.67611161048559776
-1.2762531917907385 3.5228863319085306
0.46983904291005629 2.5531683825496598
-0.65931861147765858 -3.2381189571531044
3.5087525179463892 3.202199870687112
-1.2414171432355117 -4.0425688653725693
6.1738342084418836 2.0102557096476019
5.0226200901804159 4.3921116791277175
10.946185649950825 0.87832409442156489
9.1303083555750462 7.4460282008822594
11.437568880790632 9.5275626949834766
10.021748223757344 8.3952662538332454
11.048072811849018 1.8660474168906078
9.6032456778196487 4.7509832134631678
7.133289148293982 7.4127824621823963
7.1037099687014944 2.8951859155714863
0 1
0 2
0 3
0 7
1 0
1 6
1 9
2 4
2 5
2 8
3 1
3 2
3 3
3 7
4 0
4 6
4 9
5 4
5 5
5 8
6 1
6 2
6 3
6 7
7 0
7 6
7 9
8 4
8 5
8 8
9 1
9 2
9 3
9 7
