10 10 34 0.2 0.2
-1.4815374417211737 -0.69813754009901974
-0.46329136410425775 -1.5653025912174678
0.12444364924408902 -1.075845985445282
-4.5909127745715743 -0.81467392603853295
-4.7634013773973036 -3.9754415303001922
-2.3619335932545793 4.6557309323731548
-0.18447222382891582 0.4668777442824652
4.174037785508574 3.9873835679573961
0.67568208483602277 -2.69953047948019
0.23269597544913978 -1.4091788647904258
11.689819395781308 2.6678799221290763
9.1162215772359634 3.6409820907890404
5.8025300345251702 7.8906543181431212
6.4425201394496403 1.8517466154788216
9.4787141613860832 5.4614206767422804
10.166831927252879 3.6296173542047629
10.439918975756687 3.9790714370437952
8.101886513195856 -1.1985075658237643
11.252778475459433 3.7248172734150078
11.473258371982125 10.502099987855946
0 1
0 3
0 4
0 8
1 5
1 7
1 9
2 0
2 2
2 6
3 1
3 3
3 4
3 8
4 5
4 7
4 9
5 0
5 2
5 6
6 1
6 3
6 4
6 8
7 5
7 7
7 9
8 0
8 2
8 6
9 1
9 3
9 4
9 8
