10 10 34 0.05 0.2
-1.9219324526622259 0.77957877175039236
-2.3438196458182423 3.0789605143298928
-0.32782778998739559 -1.6748019326258854
3.9675259620825685 2.9241198986952757
3.5961369493745252 1.658137355569159
-3.1454018388656078 -1.1007147992819588
-2.605706331218026 2.9312878772238991
-4.908158897424558 2.9054768179515733
-3.3322363249491751 -1.9385800790410732
1.2867849167541259 1.7491456977262327
6.2777481837512914 6.2357166018722445
10.553493772117347 3.3856650850450114
6.4307123876674108 6.4945481997497678
7.8263595020730756 2.4740521020675308
10.239815578252601 7.1581970675282367
12.285277275861633 8.2340575475741051
8.0834887307012533 1.6550222418053981
11.973918323990162 9.5161250970229716
7.9457682857615826 4.7141687942557979
4.2966713000439247 5.0621372857405582
0 0
0 4
0 7
0 8
1 2
1 5
1 9
2 1
2 3
2 6
3 0
3 4
3 7
3 8
4 2
4 5
4 9
5 1
5 3
5 6
6 0
6 4
6 7
6 8
7 2
7 5
7 9
8 1
8 3
8 6
9 0
9 4
9 7
9 8
