10 10 34 0.5 0.2
-0.85256000691320999 -2.1229982738018647
3.4471234098037655 -0.56228977006281156
0.28726558708382122 0.51259196749421321
-1.6109693180107221 1.3949561444273284
4.0003769267755214 -4.2800974931259184
0.60915428900259005 -2.3595800104117624
1.5567217374843123 1.2338033091350189
-4.5426067518558675 -3.8709749162808205
0.28349628573039176 3.5865485768986591
2.9766922955103858 3.2388996425797938
11.727632727384437 2.9139226115338399
10.047248090546971 6.0360728608427392
8.5521079306722463 8.4349062123718994
15.297806958685943 3.3400189878517446
8.01447696697414 -0.78201223452164026
13.097236286454178 6.1478053392636438
10.466090604376383 7.2986902962675577
10.44423760739849 2.8761126274078581
7.7743185778829105 5.2512690040765033
10.931199576692631 9.7023240500839307
0 6
0 7
0 8
0 9
1 3
1 4
1 5
2 0
2 1
2 2
3 6
3 7
3 8
3 9
4 3
4 4
4 5
5 0
5 1
5 2
6 6
6 7
6 8
6 9
7 3
7 4
7 5
8 0
8 1
8 2
9 6
9 7
9 8
9 9
