10 15 51 0.05 0.2
-0.055125640205653248 0.56691730147399166
3.0974275549527679 -1.7938443054761199
-1.790325209202078 1.9316683730275557
-0.13832827229600753 -1.4065512966271863
-0.94499957104619003 -1.7020045240124047
-3.3241171885539611 1.3179715727508112
3.937793635045665 1.8881358274658009
1.3477968554411026 -1.6245263795272367
-0.66481189381435257 -3.5583197975238914
2.2872542145226191 -2.0352968643824063
9.6688011444450268 5.463401964818571
11.979489505716396 4.267017313932004
11.635736216532791 -1.5607989611312969
6.4622442831803575 4.4793382691909525
7.4836987012815328 5.7777112781277795
10.032608626914804 3.0535210593261208
12.998468686880813 4.3810083184633335
13.579373101709077 4.9951990385000107
10.58347985044364 3.7127267092469114
11.203415909980674 1.5859987136480336
6.0448828906479806 6.6987930905170678
8.570127611824871 -0.11018861083089537
12.466161409077314 8.6040704099037679
9.8259875755908883 3.9155262149421901
7.8463131188717519 -1.1072498447340853
0 0
0 6
0 8
0 12
0 13
0 14
1 1
1 5
1 7
1 10
1 11
2 2
2 3
2 4
2 9
3 0
3 6
3 8
3 12
3 13
3 14
4 1
4 5
4 7
4 10
4 11
5 2
5 3
5 4
5 9
6 0
6 6
6 8
6 12
6 13
6 14
7 1
7 5
7 7
7 10
7 11
8 2
8 3
8 4
8 9
9 0
9 6
9 8
9 12
9 13
9 14
