10 15 51 0.05 0.2
-0.85256000691320999 -2.1229982738018647
3.4471234098037655 -0.56228977006281156
0.28726558708382122 0.51259196749421321
-1.6109693180107221 1.3949561444273284
4.0003769267755214 -4.2800974931259184
0.60915428900259005 -2.3595800104117624
1.5567217374843123 1.2338033091350189
-4.5426067518558675 -3.8709749162808205
0.28349628573039176 3.5865485768986591
2.9766922955103858 3.2388996425797938
13.266441327901504 6.2366044797393769
10.731258916717355 6.8468658777263869
9.0583559127282314 -0.15495302363132946
15.604476789863682 3.2935153036666227
8.0014746116305151 -0.62366599083946461
11.707333094306371 3.2611209132227583
8.4522406968717227 8.2477903223663613
3.1303767305197558 9.4513787721554934
16.696547078800904 2.5142250890450351
5.2662083657229974 9.3656441385476157
9.9924833123005339 5.5875504591677467
10.323160512663456 2.7351495592404689
7.9073815736717581 5.4025827992339002
10.958441325871513 9.2933155185376322
16.795069341957838 3.8659155843563866
0 1
0 7
0 11
0 12
0 13
0 14
1 0
1 3
1 4
1 8
1 9
2 2
2 5
2 6
2 10
3 1
3 7
3 11
3 12
3 13
3 14
4 0
4 3
4 4
4 8
4 9
5 2
5 5
5 6
5 10
6 1
6 7
6 11
6 12
6 13
6 14
7 0
7 3
7 4
7 8
7 9
8 2
8 5
8 6
8 10
9 1
9 7
9 11
9 12
9 13
9 14
