10 15 51 0.2 0.2
3.8826807645248813 -1.0000560402898708
0.8862018277423207 3.5978667354276137
-2.7146079663539933 0.15717284023519795
0.83730485573606117 4.4719952197672903
-4.6781861014373227 -4.3105632973345944
-1.799158406841662 3.2509201805635026
3.4314958774200797 -3.6460882016520202
4.1954002004356568 0.27769344520978123
4.6789659346093089 4.3451932640789863
-4.0707855375135518 4.7436389107421491
12.474265503869352 -1.0957494185334908
10.841417391312522 3.1219157235118891
13.862528197008668 6.0752664461633383
4.6078425807209102 1.4742224359299998
8.4891296658958488 9.2915138937890767
6.9750833463982378 -0.37894984212329175
4.1027768557838993 7.0727190343262691
11.543941974886216 7.9642409821791649
7.5704941197042306 3.7788116892516381
8.1038536411912894 -1.0721503708312348
8.9685399279912446 8.5589449061824592
11.879506730774168 11.102530718350081
14.794806703653371 3.5581429316406705
13.494476430014714 7.3381896782339204
6.8164230239610308 6.9158002586226566
0 2
0 3
0 4
0 5
0 6
0 12
1 1
1 7
1 9
1 10
1 13
2 0
2 8
2 11
2 14
3 2
3 3
3 4
3 5
3 6
3 12
4 1
4 7
4 9
4 10
4 13
5 0
5 8
5 11
5 14
6 2
6 3
6 4
6 5
6 6
6 12
7 1
7 7
7 9
7 10
7 13
8 0
8 8
8 11
8 14
9 2
9 3
9 4
9 5
9 6
9 12
