10 10 34 0.2 0.2
1.3942679845788373 -4.7498924477733304
-2.2497068163088074 -2.7678926185117723
2.3647121416401244 1.7669948742291126
3.9217956770484541 -4.1306116737058387
-0.78078180314729551 -4.7020278056192968
-2.8136202519639664 0.053552881033623656
-4.7346403031613633 -3.0116234931335151
1.4988443777952316 0.44941480603216633
-2.795593779593033 0.89265683875908763
3.0943045667782663 -4.9350124032193898
15.316724848155475 2.0728656093613784
13.688772962295442 1.2928974076721289
11.831302388212197 0.31488912660960766
9.373187591836535 1.5761537757856763
7.2654695287537141 4.1314516611716243
10.89016789520487 6.3138292763696091
11.339084227259187 7.6644925857283352
15.537000493366454 3.4333258857920943
6.8815038818035896 -0.096840748908235644
7.650207082197098 3.3366639510939526
0 0
0 1
0 7
0 8
1 2
1 3
1 5
2 4
2 6
2 9
3 0
3 1
3 7
3 8
4 2
4 3
4 5
5 4
5 6
5 9
6 0
6 1
6 7
6 8
7 2
7 3
7 5
8 4
8 6
8 9
9 0
9 1
9 7
9 8
