10 15 51 0.2 0.2
-4.3311602365724831 -0.86757183571740626
-3.8949526605386131 2.5211146141853398
0.11285109875651855 -4.5032600551946933
-4.5519251556434295 2.3593438622301441
-3.4565025229140387 2.3374488983598498
1.3044371862782835 0.042791382906525399
3.5579821386544577 1.0255722914603389
0.73356668436441552 -0.99920697283248927
-2.5125424022622389 -3.6201200562926839
-0.7675426655300388 -1.2393916900048429
4.1867113705896593 11.186732986557248
9.6341344797016628 0.6086128653698637
9.9983818433456584 3.306780157774929
5.8378565577315138 5.2960388645705612
11.108280049504824 5.6892770177992595
12.568516772555878 7.6671627271493001
4.8782452479722833 4.7672891431324835
5.3663147423431043 5.2358729714674022
12.349361945965477 1.1564879417319411
9.954984398164985 3.5428839784514583
10.671980398234545 5.5920564739483094
5.0822488230691745 0.79063848375699752
16.525445780640368 8.8741000269763965
11.13489087044575 4.5014447200707242
6.6828911251259129 2.0830806323745854
0 2
0 5
0 6
0 9
0 11
0 14
1 0
1 3
1 7
1 12
1 13
2 1
2 4
2 8
2 10
3 2
3 5
3 6
3 9
3 11
3 14
4 0
4 3
4 7
4 12
4 13
5 1
5 4
5 8
5 10
6 2
6 5
6 6
6 9
6 11
6 14
7 0
7 3
7 7
7 12
7 13
8 1
8 4
8 8
8 10
9 2
9 5
9 6
9 9
9 11
9 14
