10 10 34 0.05 0.2
-0.024634312413977177 -2.3382627692745936
1.3741116144369094 -2.5752024581623734
-0.26831420012544793 4.7033614911175334
-4.1481193498900328 -1.8262108248179487
1.7644395348948336 -4.1475868277039236
-3.4668247143046225 3.2527384980403156
4.7972285261391079 -1.806613562823518
-3.1103101321504569 4.7237525034146604
-1.7108080544972593 1.0378452310846455
1.0749420843174429 1.3498875565049602
10.255983374363419 6.7065079583445186
7.9994741482640181 5.0433963080672051
13.601842874512487 2.2903042102541074
4.9445161602022401 7.5357346030722061
7.3207286774744151 1.3443953580965071
11.14779744428203 2.9626878848778615
12.477616794818797 3.4568650585617062
15.057828552807607 5.8340410228428734
5.3712724779243102 6.0835418140182416
7.415952340936494 8.9390734344265184
0 0
0 4
0 5
0 7
1 2
1 3
1 6
2 1
2 8
2 9
3 0
3 4
3 5
3 7
4 2
4 3
4 6
5 1
5 8
5 9
6 0
6 4
6 5
6 7
7 2
7 3
7 6
8 1
8 8
8 9
9 0
9 4
9 5
9 7
