10 10 34 0.2 0.2
4.7835485837099672 -4.4547734498954261
2.256617211743249 -0.1613825667555755
4.4172324516640735 -0.93145511790708113
4.1924299404226666 -3.4085220111609003
4.9478018133885886 -0.87020458053350858
-3.1685151930708209 -1.5390089571798002
1.3079587370999892 -4.65805787264292
-1.1281599523171906 -4.8889685990478711
-4.3063156188276919 -3.2970602451371067
-2.6937342714458659 -2.2563695543587015
14.291163076515645 6.401952431239474
13.461754429751863 1.6199829185431263
14.720024353551985 6.7202816334626938
12.034979115364649 5.9885472033333578
16.370061318677617 3.5338273161410996
7.9191513999500662 -0.0084957395103284483
8.0254898291136136 2.0829215498950853
8.7953424670624631 1.6990595098766588
15.33501183757296 4.144348319187567
11.467469121285006 0.20194901876153093
0 1
0 4
0 7
0 8
1 2
1 3
1 9
2 0
2 5
2 6
3 1
3 4
3 7
3 8
4 2
4 3
4 9
5 0
5 5
5 6
6 1
6 4
6 7
6 8
7 2
7 3
7 9
8 0
8 5
8 6
9 1
9 4
9 7
9 8
