10 15 51 0.2 0.2
0.48157828416329629 -3.6810853662412435
2.1154684226802445 -1.9774994408218438
4.3832527477527101 -3.0728165273467023
2.6198500719560389 -3.343584525984391
4.6608714615412108 3.7360839290443675
-3.924804367640593 1.4931645408570668
-2.8195065437061539 0.11600401673940386
3.5031026980717108 -3.4508441782155383
-2.8289550522007101 -4.2668157500194495
-4.3649484863532297 -0.011138567904817265
12.820799115355811 4.3451694596188828
7.6195139482912282 5.4896716571167525
7.5002336986443083 3.6907091535842822
7.4697707962144628 4.0253955539705171
9.9573298078459551 -0.36977902873392487
6.2254130085600785 2.807879474056036
15.332416494435142 4.5304892000254302
5.8544374423105934 4.330716240592051
9.6834609336395765 -0.10964835888475122
13.940648979412614 3.4142958967749859
4.6114156183642576 0.056665687275950116
12.16839112494641 10.565979323993805
14.759198017703678 3.7630326261995641
12.257601711116958 2.0528757014175869
7.046250462654279 2.0792751480418961
0 1
0 2
0 5
0 9
0 13
0 14
1 0
1 3
1 4
1 11
1 12
2 6
2 7
2 8
2 10
3 1
3 2
3 5
3 9
3 13
3 14
4 0
4 3
4 4
4 11
4 12
5 6
5 7
5 8
5 10
6 1
6 2
6 5
6 9
6 13
6 14
7 0
7 3
7 4
7 11
7 12
8 6
8 7
8 8
8 10
9 1
9 2
9 5
9 9
9 13
9 14
