10 10 34 0.05 0.2
-4.2520624312688931 2.660007358222142
4.7209366759387557 -0.84706811108814328
4.448761164870545 -0.70533622147226804
1.2161395160873125 4.1945415652749869
-2.962459128812033 -4.6025906752494947
-3.2322910213486078 -4.6501212449364786
-0.60538715264663168 -3.7698243049730786
-4.0448176494836421 -1.9178043123867705
-0.99297562628871905 3.8164981895193648
-4.8728484364140776 1.4993139003659923
14.573323291614724 6.7243306706251573
5.2592200754991731 4.9986838019145345
7.122147808311702 1.4607771716524784
9.8400265302749883 -0.73789652521611404
14.189603431453316 6.6301821286242113
11.542763428751217 1.4803342736714973
9.2894734822575664 9.174807748084886
7.6254876324759708 7.8157694195086709
5.0034378046140304 3.8992427754404266
9.7236056314411243 -0.65973176730846128
0 1
0 5
0 6
0 8
1 0
1 2
1 3
2 4
2 7
2 9
3 1
3 5
3 6
3 8
4 0
4 2
4 3
5 4
5 7
5 9
6 1
6 5
6 6
6 8
7 0
7 2
7 3
8 4
8 7
8 9
9 1
9 5
9 6
9 8
