10 15 51 0.2 0.2
1.8424095241207326 -4.0416269152319586
-3.3308519373330716 1.0512385774118806
-1.7196396797986857 4.1462232077919037
2.8805111940771555 3.6469595543448126
-0.85467327648275315 3.2884221843142978
0.67045513075951924 3.3061316996398542
-1.7880494475392341 0.48216296797246283
-0.59718183115452916 -0.87801791775431859
-1.0788392972686491 -0.85681354357713602
-3.527904138265602 -3.575646952610525
4.193241673071638 -0.27516138333711115
14.24358647411735 7.8290633454749674
11.873031256270043 11.033797617921625
7.6156201384731057 7.4205205117431188
10.256996079049307 -1.5315026225778727
9.4941045337529655 3.7185580563213105
9.9218343224188281 3.9410232626695798
8.5502197500108892 7.1031202374306037
13.616386909678932 2.4210531808505538
6.5897783173190065 4.2449733448103668
8.2104222712220611 4.523540655258639
6.4376367480426486 7.7309147878090512
8.7325688704510025 0.13944683494207144
10.671116092783858 9.5986152176755617
8.9275653255154346 8.1984216055248975
0 0
0 1
0 8
0 10
0 12
0 13
1 2
1 3
1 6
1 7
1 9
2 4
2 5
2 11
2 14
3 0
3 1
3 8
3 10
3 12
3 13
4 2
4 3
4 6
4 7
4 9
5 4
5 5
5 11
5 14
6 0
6 1
6 8
6 10
6 12
6 13
7 2
7 3
7 6
7 7
7 9
8 4
8 5
8 11
8 14
9 0
9 1
9 8
9 10
9 12
9 13
