10 10 34 0.2 0.2
4.6591918802494412 0.59755913998904564
-0.26328111789356345 0.23279475429215157
2.6766006307845185 4.8860602774447219
-0.79434441720427351 -2.6906381477036789
-1.2531246529358517 -4.3230253206672256
1.4321991246521426 4.9259695093183193
-2.9278317822220479 2.5904653648083018
-2.8908979107119439 4.2965859608352996
0.56985476142337266 -1.1534854263135252
-4.6965445631809946 -3.4436817925101693
6.3241327676035564 5.9553906859152033
9.4636199492400888 4.9009047051576129
8.7184878319793224 9.8663456143260504
5.3350403344412243 7.2596933924957412
10.867297406398833 2.484346576325537
9.5780043314764765 10.678507070364091
11.204384722383459 0.68347456529672268
7.9136090627795488 -0.32932519531893445
10.949548541458624 4.050450998348599
13.841085213323234 7.7728166921799371
0 0
0 4
0 7
0 9
1 1
1 3
1 6
2 2
2 5
2 8
3 0
3 4
3 7
3 9
4 1
4 3
4 6
5 2
5 5
5 8
6 0
6 4
6 7
6 9
7 1
7 3
7 6
8 2
8 5
8 8
9 0
9 4
9 7
9 9
