10 10 34 0.5 0.2
2.4166893561457323 4.4080388314721546
2.4740339685416268 4.0814256296143707
-3.8902271831999435 0.79773181999967946
-0.68132687589288743 -2.3450742125489366
3.6040916796900166 -1.7059850366319806
4.7367059106553349 -1.3874660308240507
0.53624724214999375 2.7422607525764864
2.8174809458763761 -4.5821458439724658
2.3354135067750645 -3.9393167296574649
-1.575445081630702 -4.0661091511931939
10.275102483077413 2.5820066833662141
14.203515373170802 2.6710285316401783
14.55845700221464 6.0174255618917689
14.752293109739826 2.3399112893457552
8.9389199379373085 7.5422681421179254
14.398114923066855 5.0091038337495579
6.0119674179517322 3.859521274152387
10.189338041083154 10.000653870843575
10.671319551899973 0.38351086035908905
9.7849610004401519 9.9448018166357421
0 0
0 4
0 8
0 9
1 3
1 5
1 7
2 1
2 2
2 6
3 0
3 4
3 8
3 9
4 3
4 5
4 7
5 1
5 2
5 6
6 0
6 4
6 8
6 9
7 3
7 5
7 7
8 1
8 2
8 6
9 0
9 4
9 8
9 9
