10 10 34 0.5 0.2
-0.055125640205653248 0.56691730147399166
3.0974275549527679 -1.7938443054761199
-1.790325209202078 1.9316683730275557
-0.13832827229600753 -1.4065512966271863
-0.94499957104619003 -1.7020045240124047
-3.3241171885539611 1.3179715727508112
3.937793635045665 1.8881358274658009
1.3477968554411026 -1.6245263795272367
-0.66481189381435257 -3.5583197975238914
2.2872542145226191 -2.0352968643824063
6.3737785101020306 4.5372833917776862
12.913884874128664 4.425499944415086
13.280998400331455 5.4631580974478959
7.2340185889363298 5.5492036943085719
12.175994689680545 4.2844563619308271
9.5229546840986341 6.0063215980404259
9.9968493966619132 2.9029331123611124
10.496423318590471 3.6223439211847368
11.627576297469775 1.0032757660042955
12.64485707949337 8.672791130299931
0 1
0 5
0 7
0 9
1 2
1 4
1 6
2 0
2 3
2 8
3 1
3 5
3 7
3 9
4 2
4 4
4 6
5 0
5 3
5 8
6 1
6 5
6 7
6 9
7 2
7 4
7 6
8 0
8 3
8 8
9 1
9 5
9 7
9 9
