10 15 51 0.2 0.2
4.6591918802494412 0.59755913998904564
-0.26328111789356345 0.23279475429215157
2.6766006307845185 4.8860602774447219
-0.79434441720427351 -2.6906381477036789
-1.2531246529358517 -4.3230253206672256
1.4321991246521426 4.9259695093183193
-2.9278317822220479 2.5904653648083018
-2.8908979107119439 4.2965859608352996
0.56985476142337266 -1.1534854263135252
-4.6965445631809946 -3.4436817925101693
9.6555944864213323 5.0699656121379784
6.1691906161840873 5.7794929224366891
8.7773360705674328 9.9821142956633011
9.8749740033224853 10.569752640081431
5.3481159891584493 7.2755036362709689
5.7133487253778963 4.5050594486186784
10.657396629198594 2.2726668030949706
11.076274876782607 0.62958792463088731
8.0338531633417265 9.1028991431296902
9.9890677452142 -1.3831815305867576
7.6545139945346534 -0.33058819645423565
3.0135430050439727 5.7624033494349405
11.070251413016925 4.2859796986290499
11.541102058997961 3.3914734980952641
13.736198959407679 7.8470973356188152
0 1
0 5
0 6
0 10
0 11
0 14
1 0
1 4
1 7
1 9
1 13
2 2
2 3
2 8
2 12
3 1
3 5
3 6
3 10
3 11
3 14
4 0
4 4
4 7
4 9
4 13
5 2
5 3
5 8
5 12
6 1
6 5
6 6
6 10
6 11
6 14
7 0
7 4
7 7
7 9
7 13
8 2
8 3
8 8
8 12
9 1
9 5
9 6
9 10
9 11
9 14
