10 10 34 0.05 0.2
1.8424095241207326 -4.0416269152319586
-3.3308519373330716 1.0512385774118806
-1.7196396797986857 4.1462232077919037
2.8805111940771555 3.6469595543448126
-0.85467327648275315 3.2884221843142978
0.67045513075951924 3.3061316996398542
-1.7880494475392341 0.48216296797246283
-0.59718183115452916 -0.87801791775431859
-1.0788392972686491 -0.85681354357713602
-3.527904138265602 -3.575646952610525
9.9632014081090965 3.9686702308562514
8.1704135259536521 4.5650450993602893
6.411600710686308 3.9607455261957543
7.5626223082998303 7.3695688786632099
13.503013501711527 2.7070529969250576
8.8662364160219873 0.32460236241959795
9.4948495752588489 3.8682673265185086
6.3806266168827284 7.3670595295537415
10.828849901055841 9.7182323410090596
9.1512583670476317 7.9688797922015464
0 1
0 4
0 5
0 8
1 0
1 2
1 3
2 6
2 7
2 9
3 1
3 4
3 5
3 8
4 0
4 2
4 3
5 6
5 7
5 9
6 1
6 4
6 5
6 8
7 0
7 2
7 3
8 6
8 7
8 9
9 1
9 4
9 5
9 8
