10 15 51 0.5 0.2
-4.0966014573065044 4.5063356456344401
-3.5002894700401455 2.3937037067627953
3.412423959349363 2.4713695186204685
-1.9806240433075075 -1.4837606313838023
2.2186261357615322 4.6564640750384019
1.6262776756258566 0.40581206868139752
-1.1209882420671757 -0.94260250641137855
2.1909588539865013 -0.71108788330012462
0.34196695483973549 1.3094863325780084
1.3251864356731167 -4.5897418292664049
11.719561077968992 8.8464807649385264
5.7718085449646663 5.3228634841694848
9.59315455755039 10.14192924867363
4.199071245974995 6.8543004184455238
9.0266095788413487 2.7247135784326351
9.1631347606407623 2.2243470021231495
11.205491746358803 6.1645823984533337
9.6414089038570125 6.3050319073409415
8.8115942147354858 4.5755290851147548
12.252969967848813 5.479659255732038
9.5004969582318548 3.6231881627432743
6.0949350619839606 5.7563413848634113
4.8226246206606929 7.7704043541708003
11.437501686633023 -0.50249947911857751
13.442516032676675 1.6877601968797915
0 3
0 4
0 8
0 10
0 11
0 14
1 1
1 2
1 5
1 9
1 13
2 0
2 6
2 7
2 12
3 3
3 4
3 8
3 10
3 11
3 14
4 1
4 2
4 5
4 9
4 13
5 0
5 6
5 7
5 12
6 3
6 4
6 8
6 10
6 11
6 14
7 1
7 2
7 5
7 9
7 13
8 0
8 6
8 7
8 12
9 3
9 4
9 8
9 10
9 11
9 14
