10 10 34 0.5 0.2
-1.7624665417923433 1.2002948521554471
-4.9152000051043219 4.8285778727222564
3.2215850618975104 4.9901978820017447
-2.366496988628497 -3.0051134890144748
-4.4526202533793713 -3.0619762461816249
-4.7581427684025304 1.9173802827844577
-1.3433030299083892 3.1556164068812826
2.6067202635161779 -1.5067566449481227
-3.3320029797500994 -1.5232538725084241
-4.6970482626196821 1.4832587229628702
10.294875563054836 10.932430666673568
3.3290229945371266 6.7240710993767374
7.2588572476780859 7.0611924580039673
5.190607520288359 3.93601560316087
4.9206373463379629 4.2814286494054663
7.873511775409999 5.158252563102133
7.6749058702591721 0.12194065833251333
7.8760277103051788 2.0148219601196327
13.010864291238738 4.9984705999120047
9.4531102343755844 1.2142468829439279
0 2
0 3
0 5
0 9
1 1
1 6
1 8
2 0
2 4
2 7
3 2
3 3
3 5
3 9
4 1
4 6
4 8
5 0
5 4
5 7
6 2
6 3
6 5
6 9
7 1
7 6
7 8
8 0
8 4
8 7
9 2
9 3
9 5
9 9
