10 15 51 0.05 0.2
-1.7624665417923433 1.2002948521554471
-4.9152000051043219 4.8285778727222564
3.2215850618975104 4.9901978820017447
-2.366496988628497 -3.0051134890144748
-4.4526202533793713 -3.0619762461816249
-4.7581427684025304 1.9173802827844577
-1.3433030299083892 3.1556164068812826
2.6067202635161779 -1.5067566449481227
-3.3320029797500994 -1.5232538725084241
-4.6970482626196821 1.4832587229628702
10.294875563054836 10.932430666673568
4.9206373463379629 4.2814286494054663
7.6749058702591721 0.12194065833251333
3.3290229945371266 6.7240710993767374
9.6674544784845704 2.4948432866096475
7.8760277103051788 2.0148219601196327
14.89363945286847 2.1290126396577218
7.2588572476780859 7.0611924580039673
9.9146715461930661 5.9188250177694055
7.873511775409999 5.158252563102133
6.0241608340205364 6.0588502152186248
4.3284447704594156 2.2442753814225629
13.010864291238738 4.9984705999120047
5.190607520288359 3.93601560316087
9.4531102343755844 1.2142468829439279
0 7
0 8
0 9
0 10
0 13
0 14
1 2
1 3
1 4
1 6
1 12
2 0
2 1
2 5
2 11
3 7
3 8
3 9
3 10
3 13
3 14
4 2
4 3
4 4
4 6
4 12
5 0
5 1
5 5
5 11
6 7
6 8
6 9
6 10
6 13
6 14
7 2
7 3
7 4
7 6
7 12
8 0
8 1
8 5
8 11
9 7
9 8
9 9
9 10
9 13
9 14
