10 15 51 0.5 0.2
-4.6144816066261996 1.9622432263705285
-3.5606677860463898 -0.37467745170912448
1.7164676411776707 2.9295127165529431
-0.46810771533787676 -0.017277702019487862
-4.8084289197565226 -0.67611161048559776
-1.2762531917907385 3.5228863319085306
0.46983904291005629 2.5531683825496598
-0.65931861147765858 -3.2381189571531044
3.5087525179463892 3.202199870687112
-1.2414171432355117 -4.0425688653725693
10.946185649950825 0.87832409442156489
10.021748223757344 8.3952662538332454
15.584785462376042 2.6378498421799605
5.0226200901804159 4.3921116791277175
13.932113874506868 -1.2986385206177111
5.3354563993866195 9.8770359689155285
10.404479870926906 7.8161720197129956
11.048072811849018 1.8660474168906078
11.437568880790632 9.5275626949834766
11.718467283277921 9.0164058287443378
6.1738342084418836 2.0102557096476019
9.1303083555750462 7.4460282008822594
9.6032456778196487 4.7509832134631678
7.133289148293982 7.4127824621823963
7.1037099687014944 2.8951859155714863
0 0
0 3
0 5
0 9
0 11
0 12
1 2
1 4
1 7
1 10
1 14
2 1
2 6
2 8
2 13
3 0
3 3
3 5
3 9
3 11
3 12
4 2
4 4
4 7
4 10
4 14
5 1
5 6
5 8
5 13
6 0
6 3
6 5
6 9
6 11
6 12
7 2
7 4
7 7
7 10
7 14
8 1
8 6
8 8
8 13
9 0
9 3
9 5
9 9
9 11
9 12
