10 15 51 0.2 0.2
-0.23841737770654348 1.3021905431888516
-0.96039030431527017 4.2002401267632692
-4.8314837959773005 4.8761055073625243
2.0411444390334124 3.0399498814755042
3.0310579958951873 -2.9863288478063454
3.194173185392593 1.5296890567986532
-3.5256904304167591 3.6133141381095175
-0.59963694227785336 2.2128859925724775
-4.1633408961493137 1.7946477913717898
-4.9465673470760301 -4.3617163468477473
5.1400054523246359 6.3663766202479364
8.3742561786535177 6.6165970141075814
3.3777595410295245 6.8070893429205057
9.1424292226080386 6.0085214021161306
7.0681575355330741 8.1573194996141272
12.001390594237721 7.9218361757749873
14.61215420918416 -1.5864953837402156
7.1809721970473568 6.986499579107651
6.9306408244513005 7.4188860165698447
10.247707996258521 8.6532460431059857
5.497117123634129 4.4725401300989489
14.999047380379629 10.416693897470505
14.118137648692354 3.9292923516929852
7.8970051893254345 -1.2506408340100217
14.289170467449788 2.2427347767959862
0 0
0 3
0 8
0 9
0 11
0 13
1 1
1 4
1 6
1 7
1 12
2 2
2 5
2 10
2 14
3 0
3 3
3 8
3 9
3 11
3 13
4 1
4 4
4 6
4 7
4 12
5 2
5 5
5 10
5 14
6 0
6 3
6 8
6 9
6 11
6 13
7 1
7 4
7 6
7 7
7 12
8 2
8 5
8 10
8 14
9 0
9 3
9 8
9 9
9 11
9 13
