10 10 34 0.5 0.2
4.097692379238719 -2.0592095924132146
-0.40566120668780492 -3.6364128945643879
4.9506072034626953 -3.453560037924527
1.7393955346406411 0.98025554541680826
2.1462371698892238 -0.89474075988545643
-1.1991070036120108 -1.0010350757069233
-4.2744839560450334 -1.8023511192286712
-2.2416685241193801 2.8082251466320427
-0.54157146387687227 -4.0364327957018045
-4.6830165020433592 -1.5402319816733323
6.6587688737981958 5.9670119492425515
16.2755148832046 4.7330685231650493
6.9858859408032519 1.2600943911538467
11.603491277059341 1.070230167373293
9.5093951978118767 3.8890625624879132
7.2700948914328398 1.068990654464443
14.623494715131939 5.2611663586990964
11.140707628015999 1.752225201335591
11.29526798196874 6.4691559844982987
12.614461955854946 5.6429069784614381
0 2
0 5
0 6
0 8
1 0
1 7
1 9
2 1
2 3
2 4
3 2
3 5
3 6
3 8
4 0
4 7
4 9
5 1
5 3
5 4
6 2
6 5
6 6
6 8
7 0
7 7
7 9
8 1
8 3
8 4
9 2
9 5
9 6
9 8
