10 10 34 0.05 0.2
-2.2812458561590923 -0.11971792149092142
-4.1812065762883339 -1.6126651300793027
-4.2766639229464598 -4.8896363292010001
-2.1614970410123133 -3.8229363444197197
-1.8896177518799928 2.4347079283970636
-4.6424428448730772 1.2493755718047161
-3.6498883909295965 2.9507124346558289
2.3696762438210222 -2.8898970043225547
3.4807658017226402 2.1730172208240317
-4.2504867454679554 -0.91868615576584123
11.927922998503899 8.6222710169559917
13.49714832805477 3.6821139018466305
6.7783135778586292 2.0791510782677363
5.3637477151491471 5.7304477322097807
7.1853014515033964 1.512787741409821
8.7411185638804501 -1.3728812378285866
5.3548387748202568 3.7607695616140551
10.039556824488301 0.60849148817554966
8.0842420970337052 3.7556983106210451
7.1461890592313546 6.1637100408472456
0 2
0 3
0 7
0 8
1 1
1 4
1 9
2 0
2 5
2 6
3 2
3 3
3 7
3 8
4 1
4 4
4 9
5 0
5 5
5 6
6 2
6 3
6 7
6 8
7 1
7 4
7 9
8 0
8 5
8 6
9 2
9 3
9 7
9 8
