10 10 34 0.05 0.2
-4.6144816066261996 1.9622432263705285
-3.5606677860463898 -0.37467745170912448
1.7164676411776707 2.9295127165529431
-0.46810771533787676 -0.017277702019487862
-4.8084289197565226 -0.67611161048559776
-1.2762531917907385 3.5228863319085306
0.46983904291005629 2.5531683825496598
-0.65931861147765858 -3.2381189571531044
3.5087525179463892 3.202199870687112
-1.2414171432355117 -4.0425688653725693
6.6161086713420749 2.1892681255049999
4.789216909353053 4.3738452278584026
10.90794934524097 0.79804969450025309
9.3163936759776682 7.2896116862626981
11.036617202996613 9.2925538685096782
9.7602854484823158 8.3842923356559318
11.361964461187416 2.1033957840300026
9.5579157177710439 4.7952295786376915
7.2223008471153127 7.2707499638477335
7.1413798439157503 2.6281099895101061
0 1
0 2
0 3
0 7
1 0
1 6
1 9
2 4
2 5
2 8
3 1
3 2
3 3
3 7
4 0
4 6
4 9
5 4
5 5
5 8
6 1
6 2
6 3
6 7
7 0
7 6
7 9
8 4
8 5
8 8
9 1
9 2
9 3
9 7
