10 10 34 0.05 0.2
-2.7581452515267357 4.3264029659734771
4.4574360891813001 -4.7724142569176919
3.4691694602309422 2.1437318640401539
1.7989607618514869 -4.8942545111053262
3.2831187162499269 -1.2173793103576367
3.0655794516966282 0.36052750778432596
2.6129064826119786 2.2862327532891156
-1.6109041878374053 1.6973311585484048
4.6898547559290407 3.9277311806255284
4.0749608810178213 -3.9885531833082668
12.474605928596688 6.8450157063526316
5.4481746618636882 7.3677022497780058
12.097667768381054 10.746442359622474
11.932522950573068 8.5911109832764119
16.24646001743541 3.095686060716893
14.005072975727458 1.6609316417219424
7.756250470995866 5.664479808019089
15.523296234043384 3.5832920594186599
11.119727015010458 8.2863888846184039
13.45195386709141 5.5872779493136697
0 1
0 5
0 7
0 8
1 4
1 6
1 9
2 0
2 2
2 3
3 1
3 5
3 7
3 8
4 4
4 6
4 9
5 0
5 2
5 3
6 1
6 5
6 7
6 8
7 4
7 6
7 9
8 0
8 2
8 3
9 1
9 5
9 7
9 8
