10 10 34 0.05 0.2
-4.291910729409274 -0.65412246258659046
-2.5375022897903818 -0.54314208820155407
-2.4391218290897685 3.6148629921151461
0.60435266011878497 2.4428396571998068
4.2652218672216193 -0.050821216089229182
-0.31462270598298936 -3.7204277577149125
2.8427254197041227 -4.3050030831651487
-1.3661381059764643 -3.3277579093425347
2.281792514390089 -0.42055050740242717
0.049149694368027852 0.2834996664747198
9.4362269465422255 7.3983571332457991
13.623431889845602 7.2974055167434431
10.88270139264654 1.3592371971106725
12.24167358658184 5.5801297275873658
14.755416789160362 3.121433874026708
6.003300070023279 6.6115527040883935
6.9181431472093431 1.8211994411870913
7.7911364494626163 3.560655200781738
9.8254530018173423 5.4589319129324263
11.530209568533536 1.7763136633378647
0 0
0 4
0 6
0 8
1 1
1 2
1 7
2 3
2 5
2 9
3 0
3 4
3 6
3 8
4 1
4 2
4 7
5 3
5 5
5 9
6 0
6 4
6 6
6 8
7 1
7 2
7 7
8 3
8 5
8 9
9 0
9 4
9 6
9 8
