10 10 34 0.05 0.2
0.80757164933956638 -2.9427600101891995
1.4196936773113498 4.4648543895162582
-4.5879353439502255 -0.50600384135547039
-1.4655444813230991 -2.1208059932730716
3.7692444965462766 4.6673094816559697
3.0389467340210459 -0.80969398588495967
3.7183724775915667 -3.9539068928040999
-0.10352110762276112 -0.3003952090433506
-4.2655902763974431 0.53531189707937354
-1.2335036948375255 -1.3216727925951899
6.3962428500834561 2.1407665851377042
15.415169485902771 3.6674206963911917
9.0322683390417158 9.6163005048087591
12.409589001968218 3.0314464897504139
6.0370851012926225 3.64939139008295
10.082688139242618 4.8429161780432635
9.2196744004181745 3.2891768403894655
13.154996772400729 6.001495391818243
10.96181736185031 10.485328426163626
9.5458543998969443 2.2223709084957206
0 1
0 3
0 6
0 9
1 2
1 5
1 8
2 0
2 4
2 7
3 1
3 3
3 6
3 9
4 2
4 5
4 8
5 0
5 4
5 7
6 1
6 3
6 6
6 9
7 2
7 5
7 8
8 0
8 4
8 7
9 1
9 3
9 6
9 9
