10 10 34 0.2 0.2
4.2799156587767424 -3.2697310995195608
4.7062892328782233 -2.6189122429152665
-0.35247941986640541 3.9776159577695598
-1.4422628901085934 0.080512701502199135
-3.3847421401908351 4.6115292057855353
4.8528266427692124 -3.2830852370735286
-3.7724233396168181 -0.27448039717310202
0.18726818404445567 2.7529863915214001
-1.5725327319156257 0.90102587983249371
-3.3966923734867849 -2.8738463134577508
4.7629627184422603 7.3013303724087324
8.7856858089423788 7.4777902433526133
8.1876337659622767 4.9940449354443519
15.844213771336854 4.5831781032892733
15.34138123631525 4.3082876336604059
15.385222154687352 5.0851000837924074
7.7059358891997114 8.268476755993607
8.495301272448458 0.8128298992299392
8.7107073474792944 4.3485945997739215
6.8702257526490556 2.8760813333988424
0 4
0 7
0 8
0 9
1 0
1 1
1 5
2 2
2 3
2 6
3 4
3 7
3 8
3 9
4 0
4 1
4 5
5 2
5 3
5 6
6 4
6 7
6 8
6 9
7 0
7 1
7 5
8 2
8 3
8 6
9 4
9 7
9 8
9 9
