10 10 34 0.05 0.2
4.097692379238719 -2.0592095924132146
-0.40566120668780492 -3.6364128945643879
4.9506072034626953 -3.453560037924527
1.7393955346406411 0.98025554541680826
2.1462371698892238 -0.89474075988545643
-1.1991070036120108 -1.0010350757069233
-4.2744839560450334 -1.8023511192286712
-2.2416685241193801 2.8082251466320427
-0.54157146387687227 -4.0364327957018045
-4.6830165020433592 -1.5402319816733323
6.6545455379326262 6.3111600544699389
16.014131621319194 4.4844328753939573
6.7145047337253772 1.324611725127967
11.549201752168804 1.2335609263151577
9.462060410869622 3.5335246925525201
7.19936386561033 1.3018761661861387
14.578310493521236 5.2655183708729156
11.466893536960704 1.6479434513140339
11.016232947519606 6.718623971851847
12.306066291613213 5.2982503570824138
0 2
0 5
0 6
0 8
1 0
1 7
1 9
2 1
2 3
2 4
3 2
3 5
3 6
3 8
4 0
4 7
4 9
5 1
5 3
5 4
6 2
6 5
6 6
6 8
7 0
7 7
7 9
8 1
8 3
8 4
9 2
9 5
9 6
9 8
