10 15 51 0.05 0.2
-2.2812458561590923 -0.11971792149092142
-4.1812065762883339 -1.6126651300793027
-4.2766639229464598 -4.8896363292010001
-2.1614970410123133 -3.8229363444197197
-1.8896177518799928 2.4347079283970636
-4.6424428448730772 1.2493755718047161
-3.6498883909295965 2.9507124346558289
2.3696762438210222 -2.8898970043225547
3.4807658017226402 2.1730172208240317
-4.2504867454679554 -0.91868615576584123
5.3637477151491471 5.7304477322097807
7.9188091917585997 6.7688494998251478
8.8029581859130452 9.6961928257374588
7.1853014515033964 1.512787741409821
13.49714832805477 3.6821139018466305
3.2365866116836295 4.9995615628468997
11.927922998503899 8.6222710169559917
11.727227285030214 2.1129801939340993
8.7411185638804501 -1.3728812378285866
5.3548387748202568 3.7607695616140551
10.039556824488301 0.60849148817554966
8.0842420970337052 3.7556983106210451
15.734562510486851 10.764701179678482
6.7783135778586292 2.0791510782677363
7.1461890592313546 6.1637100408472456
0 0
0 7
0 10
0 11
0 12
0 13
1 1
1 2
1 3
1 4
1 14
2 5
2 6
2 8
2 9
3 0
3 7
3 10
3 11
3 12
3 13
4 1
4 2
4 3
4 4
4 14
5 5
5 6
5 8
5 9
6 0
6 7
6 10
6 11
6 12
6 13
7 1
7 2
7 3
7 4
7 14
8 5
8 6
8 8
8 9
9 0
9 7
9 10
9 11
9 12
9 13
