10 15 51 0.5 0.2
4.7835485837099672 -4.4547734498954261
2.256617211743249 -0.1613825667555755
4.4172324516640735 -0.93145511790708113
4.1924299404226666 -3.4085220111609003
4.9478018133885886 -0.87020458053350858
-3.1685151930708209 -1.5390089571798002
1.3079587370999892 -4.65805787264292
-1.1281599523171906 -4.8889685990478711
-4.3063156188276919 -3.2970602451371067
-2.6937342714458659 -2.2563695543587015
16.370061318677617 3.5338273161410996
13.461754429751863 1.6199829185431263
14.720024353551985 6.7202816334626938
3.3983749808825428 -1.9400025691028058
8.7953424670624631 1.6990595098766588
7.9191513999500662 -0.0084957395103284483
8.0254898291136136 2.0829215498950853
4.7262251277964369 0.52029394522671613
14.291163076515645 6.401952431239474
12.034979115364649 5.9885472033333578
9.3936001201913601 0.40174886678075694
12.168191493230118 5.4146707560594436
4.7996617915461028 6.3916847039238327
15.33501183757296 4.144348319187567
11.467469121285006 0.20194901876153093
0 0
0 1
0 3
0 4
0 7
0 13
1 2
1 9
1 11
1 12
1 14
2 5
2 6
2 8
2 10
3 0
3 1
3 3
3 4
3 7
3 13
4 2
4 9
4 11
4 12
4 14
5 5
5 6
5 8
5 10
6 0
6 1
6 3
6 4
6 7
6 13
7 2
7 9
7 11
7 12
7 14
8 5
8 6
8 8
8 10
9 0
9 1
9 3
9 4
9 7
9 13
