10 15 51 0.5 0.2
-2.7581452515267357 4.3264029659734771
4.4574360891813001 -4.7724142569176919
3.4691694602309422 2.1437318640401539
1.7989607618514869 -4.8942545111053262
3.2831187162499269 -1.2173793103576367
3.0655794516966282 0.36052750778432596
2.6129064826119786 2.2862327532891156
-1.6109041878374053 1.6973311585484048
4.6898547559290407 3.9277311806255284
4.0749608810178213 -3.9885531833082668
12.097667768381054 10.746442359622474
12.474605928596688 6.8450157063526316
16.24646001743541 3.095686060716893
8.593649882354498 2.2867801064880435
14.005072975727458 1.6609316417219424
5.4481746618636882 7.3677022497780058
10.244730409319093 11.858403695250804
3.7954988401603744 6.9433871621837007
12.671942322046615 10.392352720530379
11.932522950573068 8.5911109832764119
7.756250470995866 5.664479808019089
15.523296234043384 3.5832920594186599
11.421251382005574 6.4713535033119847
11.119727015010458 8.2863888846184039
13.45195386709141 5.5872779493136697
0 4
0 5
0 6
0 7
0 11
0 13
1 2
1 3
1 10
1 12
1 14
2 0
2 1
2 8
2 9
3 4
3 5
3 6
3 7
3 11
3 13
4 2
4 3
4 10
4 12
4 14
5 0
5 1
5 8
5 9
6 4
6 5
6 6
6 7
6 11
6 13
7 2
7 3
7 10
7 12
7 14
8 0
8 1
8 8
8 9
9 4
9 5
9 6
9 7
9 11
9 13
