10 15 51 0.2 0.2
-2.56482237290663 0.022089895031559337
-3.3806248570919406 3.2122221584328123
-2.6860048746616405 0.52328640638572388
4.2635742476036462 -1.0262124576948786
4.6786789196447263 2.3147191625787737
0.48115108337305568 1.2892338143597613
0.86064373408574468 -1.3977889428459278
4.9671794681024686 -0.96106069555651708
4.8384521162214114 3.525733211181528
-4.7165539459189141 -2.4179783439195077
7.4122083406613202 4.1101768840542841
15.65801052440184 5.6966525829487784
12.427355842051556 10.472600585960393
14.20546983819332 6.2430610657579937
7.7677537213523937 3.7367192238109475
7.1243336364742387 0.54769235540562278
5.4661819138768362 6.0915535632561273
11.444233808749118 4.2198011334093035
3.2267743912900499 4.0824232924748021
12.894495219273679 9.3439450572422231
14.782233952311472 6.6512867571205474
8.8096720335051693 0.81216820843242044
16.445070364903096 -0.4316558928220946
16.806849816741401 4.4984681535313911
9.7720721540795896 6.3570847763399918
0 3
0 4
0 5
0 7
0 12
0 13
1 1
1 6
1 8
1 9
1 10
2 0
2 2
2 11
2 14
3 3
3 4
3 5
3 7
3 12
3 13
4 1
4 6
4 8
4 9
4 10
5 0
5 2
5 11
5 14
6 3
6 4
6 5
6 7
6 12
6 13
7 1
7 6
7 8
7 9
7 10
8 0
8 2
8 11
8 14
9 3
9 4
9 5
9 7
9 12
9 13
