10 15 51 0.5 0.2
-4.291910729409274 -0.65412246258659046
-2.5375022897903818 -0.54314208820155407
-2.4391218290897685 3.6148629921151461
0.60435266011878497 2.4428396571998068
4.2652218672216193 -0.050821216089229182
-0.31462270598298936 -3.7204277577149125
2.8427254197041227 -4.3050030831651487
-1.3661381059764643 -3.3277579093425347
2.281792514390089 -0.42055050740242717
0.049149694368027852 0.2834996664747198
9.900815050673593 5.2700927603155368
14.614373971030124 2.6931206764607101
10.480768649817691 1.4350080598765396
6.080227037025522 6.91100226782706
12.1863655373282 5.7766888342101064
9.301964927907667 7.4177375305664945
9.6323971484507833 3.809940224832169
13.719201097835436 7.0885984694263184
3.2412456762010793 -0.3499738804194088
12.151129570405496 5.8503564435852393
4.3935335156098789 9.8768814389419113
6.6101575088498645 2.2875579655093401
8.0740295989811237 3.2608740088577353
8.9652591230124195 4.6953817569770147
11.587742622868785 1.6207036958826144
0 0
0 1
0 5
0 8
0 10
0 11
1 2
1 6
1 7
1 12
1 13
2 3
2 4
2 9
2 14
3 0
3 1
3 5
3 8
3 10
3 11
4 2
4 6
4 7
4 12
4 13
5 3
5 4
5 9
5 14
6 0
6 1
6 5
6 8
6 10
6 11
7 2
7 6
7 7
7 12
7 13
8 3
8 4
8 9
8 14
9 0
9 1
9 5
9 8
9 10
9 11
