10 10 34 0.2 0.2
-4.2520624312688931 2.660007358222142
4.7209366759387557 -0.84706811108814328
4.448761164870545 -0.70533622147226804
1.2161395160873125 4.1945415652749869
-2.962459128812033 -4.6025906752494947
-3.2322910213486078 -4.6501212449364786
-0.60538715264663168 -3.7698243049730786
-4.0448176494836421 -1.9178043123867705
-0.99297562628871905 3.8164981895193648
-4.8728484364140776 1.4993139003659923
14.511985146564697 6.6268858350313469
4.987602236932644 5.1776027308394621
7.4559873180648895 1.3167239212438888
9.735730474400409 -0.46719001239345204
14.205408294883679 6.6135414964309609
11.360631499169829 1.4325428077659828
8.955936932840233 9.2406493108015368
7.2318087875355239 7.8086965724767277
5.0303325150911311 3.862019707757042
9.5258144855559941 -0.64326863946701351
0 1
0 5
0 6
0 8
1 0
1 2
1 3
2 4
2 7
2 9
3 1
3 5
3 6
3 8
4 0
4 2
4 3
5 4
5 7
5 9
6 1
6 5
6 6
6 8
7 0
7 2
7 3
8 4
8 7
8 9
9 1
9 5
9 6
9 8
