10 10 34 0.2 0.2
-4.0966014573065044 4.5063356456344401
-3.5002894700401455 2.3937037067627953
3.412423959349363 2.4713695186204685
-1.9806240433075075 -1.4837606313838023
2.2186261357615322 4.6564640750384019
1.6262776756258566 0.40581206868139752
-1.1209882420671757 -0.94260250641137855
2.1909588539865013 -0.71108788330012462
0.34196695483973549 1.3094863325780084
1.3251864356731167 -4.5897418292664049
5.426944497608468 5.159659992117879
11.856956491723405 8.8935085052194651
4.2370874440712889 7.1648215069448424
11.061022921477109 6.2557562359168246
9.5540234986497943 6.4076165734584052
9.7082085337556521 10.46206611089422
8.6950521871223501 2.7206081553075081
12.410727982304985 5.4099574421741625
9.5460784516868262 3.539597905031957
13.065880497907671 1.7645581930140288
0 2
0 6
0 8
0 9
1 0
1 5
1 7
2 1
2 3
2 4
3 2
3 6
3 8
3 9
4 0
4 5
4 7
5 1
5 3
5 4
6 2
6 6
6 8
6 9
7 0
7 5
7 7
8 1
8 3
8 4
9 2
9 6
9 8
9 9
