10 10 34 0.2 0.2
-0.9146412074550625 0.41972009104596175
3.6203661647927312 -3.2333435580455614
-2.748404794218533 -4.7090274673188892
-3.833494665571362 -4.9119437411293312
-3.4330966491663615 0.13713208502675656
4.8949291037755103 1.9351026143143812
-1.2157342887671909 -0.94952264680743959
1.9130962841237933 -1.7388012738314007
-4.2644656942173178 3.4152289690620901
1.1721995591408323 -3.8799017287035245
9.4227170250417434 3.6333505561934341
6.5167207594483916 3.4656755616640402
12.880951396358517 1.9076303247630801
9.0787121521269238 4.9441715953061909
9.6013195486002321 -0.82683432791894074
4.5480844230442159 5.8470643710707062
14.844325052016824 3.9856536351348524
12.356290555445559 4.1237971373034163
13.329772692976844 9.2665734974333454
9.3288077848946553 -1.1275287383405757
0 0
0 2
0 3
0 9
1 1
1 6
1 7
2 4
2 5
2 8
3 0
3 2
3 3
3 9
4 1
4 6
4 7
5 4
5 5
5 8
6 0
6 2
6 3
6 9
7 1
7 6
7 7
8 4
8 5
8 8
9 0
9 2
9 3
9 9
