10 15 51 0.2 0.2
-0.54860774843177218 -2.059115176611146
4.0942887405255064 -0.15693652184161522
-4.129540369904924 2.499579644093803
-4.2456176385720203 -2.9749440185150267
-4.2607615272317947 1.2820764859726008
3.4253332574853452 1.111943800752222
-2.7752779676286399 3.4500993744867365
3.7151448523976995 -1.7184998665134743
-2.2624180764618664 1.7376051120595362
4.7273598636249901 4.1281812568070215
7.1718859157731316 5.373601130558332
13.624226320644491 6.9112333555663428
16.793078745345589 8.2703364012826288
5.669034034963583 3.9799300428310591
5.8714890902269827 6.6002347200719953
8.1848981742183682 3.164548387564496
7.8692688041628855 -0.95617309559421404
12.410453717033903 7.6756382077747194
10.554449341450676 2.9424500735207806
5.1739233116620467 5.0999292856152376
5.8067034559022623 1.1561137887139172
12.02992310632667 10.938789771634147
14.076659754172134 5.3693078853980136
12.497543073401717 5.4530458820670056
7.8106592794988439 0.30081408584341318
0 4
0 5
0 8
0 11
0 13
0 14
1 1
1 3
1 6
1 10
1 12
2 0
2 2
2 7
2 9
3 4
3 5
3 8
3 11
3 13
3 14
4 1
4 3
4 6
4 10
4 12
5 0
5 2
5 7
5 9
6 4
6 5
6 8
6 11
6 13
6 14
7 1
7 3
7 6
7 10
7 12
8 0
8 2
8 7
8 9
9 4
9 5
9 8
9 11
9 13
9 14
