10 15 51 0.5 0.2
4.097692379238719 -2.0592095924132146
-0.40566120668780492 -3.6364128945643879
4.9506072034626953 -3.453560037924527
1.7393955346406411 0.98025554541680826
2.1462371698892238 -0.89474075988545643
-1.1991070036120108 -1.0010350757069233
-4.2744839560450334 -1.8023511192286712
-2.2416685241193801 2.8082251466320427
-0.54157146387687227 -4.0364327957018045
-4.6830165020433592 -1.5402319816733323
16.014131621319194 4.4844328753939573
9.462060410869622 3.5335246925525201
15.210770500041264 7.224514790121944
7.19936386561033 1.3018761661861387
6.6545455379326262 6.3111600544699389
14.755166531758885 11.790201471436424
11.549201752168804 1.2335609263151577
7.9935301925190778 -0.29505900477514735
14.578310493521236 5.2655183708729156
11.466893536960704 1.6479434513140339
6.7145047337253772 1.324611725127967
11.016232947519606 6.718623971851847
12.306066291613213 5.2982503570824138
13.202319235479425 3.5191037169697399
5.1096510364742196 10.983578667280915
0 3
0 7
0 8
0 10
0 11
0 13
1 4
1 5
1 9
1 12
1 14
2 0
2 1
2 2
2 6
3 3
3 7
3 8
3 10
3 11
3 13
4 4
4 5
4 9
4 12
4 14
5 0
5 1
5 2
5 6
6 3
6 7
6 8
6 10
6 11
6 13
7 4
7 5
7 9
7 12
7 14
8 0
8 1
8 2
8 6
9 3
9 7
9 8
9 10
9 11
9 13
