10 10 34 0.5 0.2
2.4166893561457323 4.4080388314721546
2.4740339685416268 4.0814256296143707
-3.8902271831999435 0.79773181999967946
-0.68132687589288743 -2.3450742125489366
3.6040916796900166 -1.7059850366319806
4.7367059106553349 -1.3874660308240507
0.53624724214999375 2.7422607525764864
2.8174809458763761 -4.5821458439724658
2.3354135067750645 -3.9393167296574649
-1.575445081630702 -4.0661091511931939
10.582490723470141 2.6284427202263889
13.99218579003724 2.7561583919511312
14.795840664295449 6.1667721257460757
14.731082995793784 2.4404857682127457
9.0932733581229961 7.6429910966072674
13.974227470495673 5.3246194596455867
6.23209852285623 3.7457424299269459
10.101863451775495 9.7716352631737564
10.668679112637159 0.69092363969096215
9.8888949597415863 10.025818286996024
0 0
0 4
0 8
0 9
1 3
1 5
1 7
2 1
2 2
2 6
3 0
3 4
3 8
3 9
4 3
4 5
4 7
5 1
5 2
5 6
6 0
6 4
6 8
6 9
7 3
7 5
7 7
8 1
8 2
8 6
9 0
9 4
9 8
9 9
