10 10 34 0.2 0.2
1.171414766699522 3.9013855320255004
-0.43512780203940427 2.1140475930791958
4.3698130337823287 0.20559827690614174
2.338401709097778 2.2803243272912272
3.5818661696527379 -4.6320756590874375
-3.3070781098645052 4.9697587150158036
2.468020404306424 -2.3900196790043382
2.4244286161719195 -3.3076292986511371
-1.397628767109651 -0.59083676351561731
-2.7118521834514828 -3.6180151737331521
15.418024925419051 2.7794378918051006
9.0637821803172578 8.9644063640409115
9.085036364380926 3.7895059697508713
4.6511069870500119 7.6503982429505424
13.332378206689874 4.164192444590725
8.5661444730013923 6.6132550193962292
10.884953120686012 8.144019650850753
13.681569958590774 7.3629598476661897
9.4604747046892932 0.51078085654377947
13.753431420592403 3.3477233091523688
0 1
0 4
0 6
0 8
1 0
1 5
1 9
2 2
2 3
2 7
3 1
3 4
3 6
3 8
4 0
4 5
4 9
5 2
5 3
5 7
6 1
6 4
6 6
6 8
7 0
7 5
7 9
8 2
8 3
8 7
9 1
9 4
9 6
9 8
