10 15 51 0.05 0.2
1.3942679845788373 -4.7498924477733304
-2.2497068163088074 -2.7678926185117723
2.3647121416401244 1.7669948742291126
3.9217956770484541 -4.1306116737058387
-0.78078180314729551 -4.7020278056192968
-2.8136202519639664 0.053552881033623656
-4.7346403031613633 -3.0116234931335151
1.4988443777952316 0.44941480603216633
-2.795593779593033 0.89265683875908763
3.0943045667782663 -4.9350124032193898
11.073329904474068 6.138626827758328
4.4140200117362074 1.8916304435412896
11.164403350183298 7.7126185202593627
9.4356430552654462 1.4780812692669714
13.582417718215268 1.5836064672738646
15.147252563485875 2.2733061742098482
7.1326163488311352 4.3752666094307635
6.1905758591216564 2.0514314904295006
11.674837026471469 0.53753356945924224
4.1170876769307849 1.2590724090544225
11.899582219701603 3.1076505055811792
15.461680521628873 3.3836831959264115
7.4054929662473601 0.024537396731664884
12.864005707008928 -1.358458628820729
7.5365569446800205 3.6395680294389807
0 1
0 4
0 5
0 11
0 12
0 13
1 0
1 3
1 7
1 8
1 10
2 2
2 6
2 9
2 14
3 1
3 4
3 5
3 11
3 12
3 13
4 0
4 3
4 7
4 8
4 10
5 2
5 6
5 9
5 14
6 1
6 4
6 5
6 11
6 12
6 13
7 0
7 3
7 7
7 8
7 10
8 2
8 6
8 9
8 14
9 1
9 4
9 5
9 11
9 12
9 13
