10 10 34 0.2 0.2
1.8424095241207326 -4.0416269152319586
-3.3308519373330716 1.0512385774118806
-1.7196396797986857 4.1462232077919037
2.8805111940771555 3.6469595543448126
-0.85467327648275315 3.2884221843142978
0.67045513075951924 3.3061316996398542
-1.7880494475392341 0.48216296797246283
-0.59718183115452916 -0.87801791775431859
-1.0788392972686491 -0.85681354357713602
-3.527904138265602 -3.575646952610525
9.9218343224188281 3.9410232626695798
8.2104222712220611 4.523540655258639
6.5897783173190065 4.2449733448103668
7.6156201384731057 7.4205205117431188
13.616386909678932 2.4210531808505538
8.7325688704510025 0.13944683494207144
9.4941045337529655 3.7185580563213105
6.4376367480426486 7.7309147878090512
10.671116092783858 9.5986152176755617
8.9275653255154346 8.1984216055248975
0 1
0 4
0 5
0 8
1 0
1 2
1 3
2 6
2 7
2 9
3 1
3 4
3 5
3 8
4 0
4 2
4 3
5 6
5 7
5 9
6 1
6 4
6 5
6 8
7 0
7 2
7 3
8 6
8 7
8 9
9 1
9 4
9 5
9 8
