10 15 51 0.2 0.2
1.171414766699522 3.9013855320255004
-0.43512780203940427 2.1140475930791958
4.3698130337823287 0.20559827690614174
2.338401709097778 2.2803243272912272
3.5818661696527379 -4.6320756590874375
-3.3070781098645052 4.9697587150158036
2.468020404306424 -2.3900196790043382
2.4244286161719195 -3.3076292986511371
-1.397628767109651 -0.59083676351561731
-2.7118521834514828 -3.6180151737331521
9.085036364380926 3.7895059697508713
4.6511069870500119 7.6503982429505424
9.0637821803172578 8.9644063640409115
15.418024925419051 2.7794378918051006
13.332378206689874 4.164192444590725
10.884953120686012 8.144019650850753
8.5661444730013923 6.6132550193962292
9.4604747046892932 0.51078085654377947
13.681569958590774 7.3629598476661897
6.2885218470132935 3.3810066717703204
3.7241274477623221 4.6946931246601418
8.5496427839673554 2.5901065438804061
5.0162307553848589 -1.5501252223804527
12.412467400260175 9.4894826485366579
13.753431420592403 3.3477233091523688
0 2
0 4
0 5
0 7
0 11
0 12
1 3
1 6
1 9
1 13
1 14
2 0
2 1
2 8
2 10
3 2
3 4
3 5
3 7
3 11
3 12
4 3
4 6
4 9
4 13
4 14
5 0
5 1
5 8
5 10
6 2
6 4
6 5
6 7
6 11
6 12
7 3
7 6
7 9
7 13
7 14
8 0
8 1
8 8
8 10
9 2
9 4
9 5
9 7
9 11
9 12
