10 10 34 0.05 0.2
-1.9219324526622259 0.77957877175039236
-2.3438196458182423 3.0789605143298928
-0.32782778998739559 -1.6748019326258854
3.9675259620825685 2.9241198986952757
3.5961369493745252 1.658137355569159
-3.1454018388656078 -1.1007147992819588
-2.605706331218026 2.9312878772238991
-4.908158897424558 2.9054768179515733
-3.3322363249491751 -1.9385800790410732
1.2867849167541259 1.7491456977262327
6.5762707895255117 6.5466237473343751
10.685282645001939 3.4923412236579003
6.2010088543655302 6.3510186550794501
7.7534705384471412 2.9446443783177445
10.177717349747656 7.0772278273749247
12.244172023526605 8.3772099458214146
8.1469411898471353 1.5392535786958712
12.230473904747893 9.5493531946882459
7.6916035029338445 4.6943318628350061
4.4074710592087278 4.9849644766470043
0 0
0 4
0 7
0 8
1 2
1 5
1 9
2 1
2 3
2 6
3 0
3 4
3 7
3 8
4 2
4 5
4 9
5 1
5 3
5 6
6 0
6 4
6 7
6 8
7 2
7 5
7 9
8 1
8 3
8 6
9 0
9 4
9 7
9 8
