10 15 51 0.5 0.2
-0.024634312413977177 -2.3382627692745936
1.3741116144369094 -2.5752024581623734
-0.26831420012544793 4.7033614911175334
-4.1481193498900328 -1.8262108248179487
1.7644395348948336 -4.1475868277039236
-3.4668247143046225 3.2527384980403156
4.7972285261391079 -1.806613562823518
-3.1103101321504569 4.7237525034146604
-1.7108080544972593 1.0378452310846455
1.0749420843174429 1.3498875565049602
13.601842874512487 2.2903042102541074
11.756493888984211 11.52965978989927
11.14779744428203 2.9626878848778615
9.9454691110316062 10.425702923874123
7.3207286774744151 1.3443953580965071
10.255983374363419 6.7065079583445186
4.9445161602022401 7.5357346030722061
11.742186579554707 7.7437495850338589
14.47216595445212 9.944590179967717
12.477616794818797 3.4568650585617062
14.409667800705966 9.445784504982667
15.057828552807607 5.8340410228428734
7.9994741482640181 5.0433963080672051
5.3712724779243102 6.0835418140182416
7.415952340936494 8.9390734344265184
0 2
0 3
0 4
0 5
0 7
0 11
1 0
1 6
1 8
1 9
1 10
2 1
2 12
2 13
2 14
3 2
3 3
3 4
3 5
3 7
3 11
4 0
4 6
4 8
4 9
4 10
5 1
5 12
5 13
5 14
6 2
6 3
6 4
6 5
6 7
6 11
7 0
7 6
7 8
7 9
7 10
8 1
8 12
8 13
8 14
9 2
9 3
9 4
9 5
9 7
9 11
