10 15 51 0.5 0.2
-1.9219324526622259 0.77957877175039236
-2.3438196458182423 3.0789605143298928
-0.32782778998739559 -1.6748019326258854
3.9675259620825685 2.9241198986952757
3.5961369493745252 1.658137355569159
-3.1454018388656078 -1.1007147992819588
-2.605706331218026 2.9312878772238991
-4.908158897424558 2.9054768179515733
-3.3322363249491751 -1.9385800790410732
1.2867849167541259 1.7491456977262327
6.2777481837512914 6.2357166018722445
12.285277275861633 8.2340575475741051
7.8263595020730756 2.4740521020675308
7.4576806525426838 4.9132516617877497
6.4307123876674108 6.4945481997497678
10.553493772117347 3.3856650850450114
8.2698895873508356 9.5588546049199259
10.239815578252601 7.1581970675282367
5.4497044379716852 3.4555860733895534
12.051606545943457 -1.5306828890187516
10.813756913675324 -0.72191635417562861
11.973918323990162 9.5161250970229716
8.0834887307012533 1.6550222418053981
7.9457682857615826 4.7141687942557979
4.2966713000439247 5.0621372857405582
0 0
0 3
0 7
0 10
0 11
0 13
1 1
1 4
1 6
1 8
1 14
2 2
2 5
2 9
2 12
3 0
3 3
3 7
3 10
3 11
3 13
4 1
4 4
4 6
4 8
4 14
5 2
5 5
5 9
5 12
6 0
6 3
6 7
6 10
6 11
6 13
7 1
7 4
7 6
7 8
7 14
8 2
8 5
8 9
8 12
9 0
9 3
9 7
9 10
9 11
9 13
