10 10 34 0.05 0.2
-0.055125640205653248 0.56691730147399166
3.0974275549527679 -1.7938443054761199
-1.790325209202078 1.9316683730275557
-0.13832827229600753 -1.4065512966271863
-0.94499957104619003 -1.7020045240124047
-3.3241171885539611 1.3179715727508112
3.937793635045665 1.8881358274658009
1.3477968554411026 -1.6245263795272367
-0.66481189381435257 -3.5583197975238914
2.2872542145226191 -2.0352968643824063
6.4622442831803575 4.4793382691909525
12.998468686880813 4.3810083184633335
13.579373101709077 4.9951990385000107
7.4836987012815328 5.7777112781277795
11.979489505716396 4.267017313932004
9.6688011444450268 5.463401964818571
10.032608626914804 3.0535210593261208
10.58347985044364 3.7127267092469114
11.203415909980674 1.5859987136480336
12.466161409077314 8.6040704099037679
0 1
0 5
0 7
0 9
1 2
1 4
1 6
2 0
2 3
2 8
3 1
3 5
3 7
3 9
4 2
4 4
4 6
5 0
5 3
5 8
6 1
6 5
6 7
6 9
7 2
7 4
7 6
8 0
8 3
8 8
9 1
9 5
9 7
9 9
