10 10 34 0.5 0.2
0.48157828416329629 -3.6810853662412435
2.1154684226802445 -1.9774994408218438
4.3832527477527101 -3.0728165273467023
2.6198500719560389 -3.343584525984391
4.6608714615412108 3.7360839290443675
-3.924804367640593 1.4931645408570668
-2.8195065437061539 0.11600401673940386
3.5031026980717108 -3.4508441782155383
-2.8289550522007101 -4.2668157500194495
-4.3649484863532297 -0.011138567904817265
6.2254130085600785 2.807879474056036
5.8544374423105934 4.330716240592051
9.6834609336395765 -0.10964835888475122
15.332416494435142 4.5304892000254302
12.820799115355811 4.3451694596188828
13.940648979412614 3.4142958967749859
7.5002336986443083 3.6907091535842822
12.16839112494641 10.565979323993805
14.759198017703678 3.7630326261995641
12.257601711116958 2.0528757014175869
0 0
0 5
0 6
0 9
1 4
1 7
1 8
2 1
2 2
2 3
3 0
3 5
3 6
3 9
4 4
4 7
4 8
5 1
5 2
5 3
6 0
6 5
6 6
6 9
7 4
7 7
7 8
8 1
8 2
8 3
9 0
9 5
9 6
9 9
