10 15 51 0.5 0.2
-4.2520624312688931 2.660007358222142
4.7209366759387557 -0.84706811108814328
4.448761164870545 -0.70533622147226804
1.2161395160873125 4.1945415652749869
-2.962459128812033 -4.6025906752494947
-3.2322910213486078 -4.6501212449364786
-0.60538715264663168 -3.7698243049730786
-4.0448176494836421 -1.9178043123867705
-0.99297562628871905 3.8164981895193648
-4.8728484364140776 1.4993139003659923
14.205408294883679 6.6135414964309609
9.735730474400409 -0.46719001239345204
4.987602236932644 5.1776027308394621
8.955936932840233 9.2406493108015368
14.511985146564697 6.6268858350313469
3.3454134734156744 10.209021904904287
5.0303325150911311 3.862019707757042
7.2318087875355239 7.8086965724767277
11.51078706500858 8.2962343500129059
11.360631499169829 1.4325428077659828
7.4559873180648895 1.3167239212438888
9.1499925485780977 3.5444151081206661
11.048254705828223 -0.12713058044921377
11.471854761379937 10.212707983680328
9.5258144855559941 -0.64326863946701351
0 2
0 3
0 5
0 6
0 9
0 13
1 1
1 4
1 8
1 10
1 12
2 0
2 7
2 11
2 14
3 2
3 3
3 5
3 6
3 9
3 13
4 1
4 4
4 8
4 10
4 12
5 0
5 7
5 11
5 14
6 2
6 3
6 5
6 6
6 9
6 13
7 1
7 4
7 8
7 10
7 12
8 0
8 7
8 11
8 14
9 2
9 3
9 5
9 6
9 9
9 13
